200 9158.96521017 9126.86558274 200
0 59 109
1 12 61
2 74 149
3 1 118
4 64 14
5 124 44
6 122 82
7 123 82
8 132 5
9 131 106
10 7 148
11 145 88
12 75 5
13 24 5
14 2 97
15 79 74
16 88 168
17 92 111
18 183 170
19 117 45
20 15 59
21 194 110
22 29 144
23 74 97
24 200 77
25 121 135
26 3 60
27 171 164
28 9 90
29 116 58
30 43 148
31 153 185
32 149 140
33 76 14
34 66 19
35 197 38
36 81 38
37 142 74
38 112 87
39 156 167
40 158 156
41 153 131
42 145 17
43 8 91
44 170 104
45 163 57
46 182 55
47 108 158
48 2 101
49 39 170
50 1 129
51 79 19
52 173 38
53 72 195
54 160 10
55 165 112
56 132 39
57 50 195
58 191 75
59 99 127
60 193 113
61 140 40
62 163 183
63 117 136
64 132 165
65 187 158
66 147 38
67 147 180
68 68 130
69 13 39
70 31 88
71 126 91
72 198 160
73 120 84
74 178 194
75 0 34
76 6 167
77 29 25
78 83 63
79 72 172
80 6 6
81 93 50
82 19 64
83 2 161
84 98 44
85 199 123
86 9 148
87 138 13
88 101 13
89 7 103
90 114 193
91 12 88
92 189 68
93 199 49
94 120 94
95 113 158
96 97 27
97 57 182
98 159 78
99 34 191
100 9 118
101 83 190
102 176 185
103 123 124
104 56 120
105 45 63
106 30 166
107 134 86
108 146 156
109 4 148
110 159 33
111 163 23
112 168 170
113 57 65
114 177 61
115 107 153
116 146 83
117 111 38
118 156 148
119 134 89
120 133 129
121 52 9
122 100 188
123 54 168
124 1 173
125 99 65
126 190 171
127 19 62
128 64 87
129 197 66
130 1 122
131 31 138
132 35 166
133 74 129
134 78 124
135 114 157
136 157 140
137 32 42
138 191 3
139 39 99
140 5 136
141 183 132
142 183 100
143 94 159
144 75 26
145 78 6
146 150 123
147 9 180
148 1 63
149 146 58
150 20 131
151 12 94
152 71 157
153 8 27
154 47 193
155 12 136
156 87 73
157 28 111
158 150 52
159 163 76
160 92 110
161 150 115
162 87 98
163 19 143
164 112 59
165 97 7
166 151 90
167 37 83
168 188 8
169 184 71
170 146 148
171 112 164
172 184 45
173 24 136
174 43 169
175 20 136
176 168 161
177 134 117
178 126 127
179 197 194
180 173 17
181 133 88
182 123 29
183 69 39
184 118 118
185 85 53
186 67 127
187 125 116
188 135 65
189 102 65
190 49 105
191 147 78
192 156 158
193 152 50
194 86 10
195 9 103
196 65 45
197 34 130
198 69 4
199 7 20
97 176
97 79
97 2
97 111
97 146
97 109
97 102
97 12
97 141
97 112
97 177
97 104
97 100
97 91
97 13
97 145
97 21
97 132
97 34
97 27
97 5
97 64
97 52
97 22
97 138
97 184
97 173
97 161
97 156
97 152
97 148
97 150
97 180
97 179
97 168
97 65
97 116
97 31
97 157
97 128
97 195
97 39
97 188
97 142
97 127
97 106
97 175
97 140
97 194
97 153
97 89
97 93
97 178
97 19
97 131
97 187
97 24
97 171
97 72
97 77
97 16
97 82
97 0
97 73
97 86
97 159
97 198
97 170
97 101
97 186
97 130
97 69
97 193
97 103
97 192
97 149
97 40
97 63
97 1
97 135
97 35
97 28
97 60
97 96
97 45
97 125
97 55
97 50
97 36
97 158
97 47
97 155
97 87
97 190
97 46
97 172
97 98
97 83
97 115
97 110
97 26
97 61
97 84
97 181
97 99
97 90
97 53
97 49
97 80
97 166
97 139
97 3
42 18
42 105
42 129
42 79
42 2
42 165
42 151
42 109
42 122
42 183
42 102
42 71
42 143
42 112
42 174
42 75
42 57
42 92
42 132
42 34
42 56
42 147
42 64
42 81
42 22
42 163
42 138
42 78
42 173
42 156
42 54
42 182
42 152
42 9
42 168
42 65
42 31
42 188
42 142
42 106
42 62
42 140
42 194
42 89
42 19
42 187
42 171
42 199
42 77
42 16
42 82
42 0
42 73
42 159
42 170
42 130
42 69
42 103
42 149
42 40
42 63
42 135
42 123
42 60
42 32
42 117
42 43
42 17
42 120
42 55
42 50
42 158
42 196
42 189
42 48
42 87
42 46
42 172
42 98
42 167
42 115
42 113
42 169
42 38
42 15
42 25
42 99
42 30
42 44
42 154
42 185
42 49
42 80
42 166
42 139
42 3
42 124
18 94
18 133
18 70
18 67
18 79
18 41
18 76
18 109
18 74
18 122
18 102
18 71
18 137
18 12
18 141
18 144
18 174
18 160
18 100
18 13
18 145
18 92
18 132
18 34
18 56
18 27
18 64
18 81
18 22
18 163
18 78
18 173
18 161
18 114
18 88
18 156
18 54
18 152
18 148
18 168
18 116
18 128
18 142
18 106
18 6
18 134
18 89
18 93
18 19
18 131
18 187
18 68
18 72
18 199
18 16
18 0
18 86
18 159
18 198
18 170
18 51
18 101
18 186
18 69
18 193
18 103
18 40
18 63
18 1
18 135
18 28
18 60
18 32
18 43
18 37
18 191
18 50
18 47
18 189
18 23
18 46
18 172
18 98
18 83
18 167
18 110
18 8
18 84
18 169
18 181
18 15
18 25
18 99
18 30
18 44
18 154
18 90
18 185
18 49
18 80
18 10
18 166
18 3
18 124
105 133
105 70
105 67
105 2
105 165
105 41
105 76
105 111
105 74
105 183
105 12
105 141
105 143
105 4
105 121
105 104
105 100
105 91
105 57
105 145
105 34
105 5
105 64
105 81
105 22
105 66
105 78
105 184
105 173
105 161
105 156
105 182
105 180
105 116
105 39
105 127
105 106
105 6
105 140
105 194
105 93
105 178
105 197
105 24
105 68
105 171
105 72
105 95
105 199
105 162
105 73
105 86
105 198
105 119
105 101
105 69
105 193
105 108
105 63
105 135
105 35
105 28
105 60
105 32
105 117
105 125
105 17
105 55
105 126
105 191
105 36
105 47
105 189
105 23
105 155
105 87
105 98
105 83
105 26
105 61
105 169
105 38
105 181
105 15
105 25
105 30
105 154
105 90
105 185
105 80
105 3
94 70
94 176
94 165
94 41
94 151
94 111
94 74
94 122
94 183
94 102
94 137
94 141
94 143
94 164
94 112
94 4
94 174
94 160
94 100
94 91
94 57
94 145
94 56
94 147
94 27
94 64
94 81
94 22
94 66
94 138
94 184
94 173
94 161
94 88
94 156
94 152
94 148
94 179
94 168
94 116
94 31
94 188
94 6
94 175
94 153
94 107
94 131
94 197
94 187
94 24
94 171
94 199
94 82
94 159
94 198
94 101
94 69
94 193
94 103
94 192
94 108
94 40
94 28
94 123
94 60
94 32
94 33
94 45
94 43
94 37
94 191
94 36
94 158
94 196
94 47
94 189
94 155
94 98
94 29
94 115
94 181
94 15
94 44
94 7
94 90
94 53
94 166
94 139
94 3
94 124
129 176
129 165
129 41
129 151
129 111
129 74
129 122
129 137
129 141
129 143
129 112
129 160
129 121
129 75
129 13
129 57
129 145
129 21
129 34
129 59
129 52
129 22
129 163
129 138
129 184
129 88
129 182
129 9
129 65
129 31
129 157
129 39
129 188
129 142
129 127
129 6
129 175
129 134
129 89
129 178
129 131
129 197
129 24
129 68
129 171
129 95
129 0
129 86
129 198
129 51
129 101
129 186
129 69
129 149
129 108
129 40
129 1
129 60
129 96
129 33
129 117
129 125
129 136
129 43
129 120
129 37
129 158
129 196
129 23
129 155
129 87
129 190
129 172
129 98
129 167
129 115
129 110
129 26
129 8
129 84
129 38
129 25
129 30
129 44
129 7
129 185
129 49
129 10
129 166
129 139
129 124
133 176
133 2
133 165
133 151
133 111
133 146
133 122
133 137
133 112
133 144
133 160
133 177
133 104
133 75
133 91
133 21
133 56
133 147
133 27
133 52
133 81
133 78
133 173
133 114
133 156
133 54
133 152
133 148
133 9
133 150
133 180
133 168
133 65
133 31
133 39
133 142
133 106
133 140
133 134
133 89
133 93
133 178
133 19
133 131
133 197
133 24
133 171
133 82
133 198
133 170
133 69
133 193
133 149
133 63
133 1
133 35
133 60
133 32
133 33
133 45
133 125
133 17
133 23
133 155
133 87
133 190
133 172
133 29
133 83
133 167
133 115
133 84
133 38
133 99
133 154
133 7
133 90
133 53
133 10
133 166
133 3
133 124
70 176
70 2
70 165
70 151
70 76
70 109
70 183
70 102
70 12
70 141
70 14
70 143
70 160
70 121
70 104
70 75
70 91
70 13
70 57
70 145
70 132
70 5
70 59
70 52
70 66
70 138
70 78
70 173
70 114
70 88
70 156
70 152
70 150
70 180
70 179
70 65
70 195
70 188
70 127
70 106
70 194
70 93
70 178
70 197
70 187
70 171
70 72
70 95
70 199
70 162
70 82
70 159
70 198
70 101
70 69
70 103
70 108
70 63
70 1
70 28
70 60
70 32
70 33
70 117
70 45
70 125
70 43
70 37
70 55
70 36
70 158
70 196
70 189
70 23
70 155
70 87
70 46
70 172
70 29
70 167
70 110
70 61
70 113
70 169
70 38
70 181
70 15
70 99
70 118
70 44
70 154
70 90
70 185
70 53
70 49
70 80
70 3
176 2
176 41
176 151
176 111
176 109
176 74
176 183
176 102
176 137
176 141
176 14
176 143
176 4
176 174
176 160
176 177
176 121
176 100
176 91
176 13
176 57
176 145
176 21
176 147
176 27
176 64
176 52
176 22
176 66
176 163
176 173
176 156
176 54
176 182
176 152
176 148
176 180
176 179
176 168
176 65
176 116
176 31
176 157
176 195
176 39
176 188
176 127
176 62
176 6
176 175
176 140
176 194
176 153
176 107
176 178
176 131
176 197
176 24
176 171
176 199
176 82
176 0
176 159
176 51
176 130
176 69
176 108
176 63
176 1
176 28
176 45
176 43
176 17
176 120
176 20
176 126
176 191
176 50
176 196
176 23
176 48
176 190
176 172
176 98
176 83
176 167
176 113
176 169
176 25
176 99
176 30
176 44
176 90
176 80
176 10
176 166
176 58
176 124
67 2
67 165
67 151
67 111
67 109
67 74
67 183
67 102
67 71
67 137
67 12
67 141
67 4
67 144
67 160
67 177
67 121
67 145
67 21
67 132
67 5
67 52
67 81
67 163
67 173
67 54
67 152
67 148
67 150
67 180
67 179
67 65
67 116
67 31
67 157
67 195
67 142
67 140
67 194
67 107
67 134
67 178
67 19
67 131
67 171
67 95
67 199
67 16
67 82
67 159
67 198
67 170
67 119
67 51
67 101
67 186
67 130
67 193
67 85
67 149
67 108
67 40
67 63
67 1
67 135
67 28
67 123
67 96
67 45
67 125
67 17
67 37
67 55
67 158
67 47
67 29
67 167
67 115
67 61
67 8
67 84
67 113
67 38
67 181
67 99
67 30
67 154
67 185
67 139
67 58
67 3
67 124
79 2
79 165
79 41
79 109
79 74
79 122
79 183
79 12
79 4
79 144
79 160
79 121
79 100
79 75
79 91
79 13
79 92
79 21
79 56
79 147
79 5
79 52
79 81
79 22
79 78
79 161
79 156
79 54
79 182
79 152
79 9
79 150
79 180
79 179
79 31
79 106
79 134
79 93
79 178
79 19
79 68
79 171
79 72
79 199
79 77
79 162
79 82
79 86
79 170
79 119
79 51
79 186
79 130
79 193
79 85
79 192
79 123
79 96
79 136
79 43
79 126
79 36
79 158
79 196
79 47
79 23
79 87
79 190
79 46
79 172
79 98
79 83
79 167
79 110
79 61
79 84
79 113
79 169
79 38
79 181
79 15
79 10
79 3
79 124
2 165
2 41
2 76
2 146
2 109
2 12
2 141
2 14
2 143
2 164
2 4
2 104
2 100
2 57
2 145
2 92
2 21
2 132
2 56
2 59
2 81
2 22
2 66
2 163
2 184
2 182
2 150
2 179
2 31
2 128
2 195
2 39
2 188
2 127
2 106
2 6
2 107
2 89
2 19
2 131
2 197
2 187
2 68
2 199
2 162
2 82
2 86
2 198
2 170
2 51
2 186
2 193
2 85
2 192
2 32
2 33
2 117
2 45
2 43
2 17
2 120
2 37
2 55
2 50
2 158
2 196
2 189
2 48
2 155
2 87
2 46
2 26
2 8
2 84
2 181
2 25
2 53
2 49
2 139
2 58
2 3
2 124
165 151
165 146
165 74
165 102
165 71
165 137
165 14
165 143
165 112
165 4
165 144
165 121
165 75
165 57
165 145
165 92
165 56
165 81
165 22
165 163
165 138
165 173
165 161
165 88
165 156
165 54
165 182
165 148
165 180
165 179
165 168
165 31
165 195
165 142
165 127
165 106
165 140
165 194
165 153
165 89
165 19
165 187
165 72
165 95
165 199
165 16
165 162
165 0
165 198
165 170
165 119
165 186
165 103
165 192
165 149
165 63
165 135
165 35
165 28
165 32
165 96
165 117
165 45
165 43
165 17
165 126
165 191
165 50
165 36
165 196
165 47
165 23
165 155
165 190
165 46
165 172
165 98
165 29
165 115
165 11
165 110
165 84
165 113
165 38
165 181
165 15
165 25
165 118
165 7
165 185
165 53
165 166
165 139
165 58
165 3
41 76
41 146
41 109
41 137
41 14
41 143
41 112
41 174
41 160
41 121
41 75
41 57
41 145
41 21
41 56
41 5
41 64
41 52
41 81
41 22
41 66
41 138
41 78
41 88
41 54
41 148
41 150
41 180
41 179
41 65
41 31
41 157
41 128
41 39
41 188
41 127
41 106
41 6
41 153
41 107
41 93
41 19
41 131
41 24
41 171
41 72
41 77
41 162
41 73
41 159
41 170
41 119
41 101
41 186
41 130
41 69
41 193
41 85
41 149
41 63
41 1
41 60
41 32
41 33
41 45
41 136
41 17
41 191
41 50
41 36
41 158
41 189
41 23
41 87
41 190
41 46
41 172
41 83
41 167
41 115
41 11
41 26
41 61
41 84
41 169
41 38
41 181
41 15
41 118
41 185
41 10
41 139
151 111
151 109
151 122
151 102
151 141
151 164
151 4
151 144
151 174
151 160
151 104
151 100
151 57
151 145
151 92
151 21
151 34
151 5
151 59
151 64
151 52
151 81
151 163
151 173
151 161
151 182
151 9
151 179
151 168
151 65
151 157
151 39
151 142
151 140
151 194
151 107
151 134
151 89
151 131
151 197
151 24
151 68
151 171
151 95
151 199
151 16
151 162
151 186
151 69
151 103
151 85
151 192
151 108
151 40
151 63
151 1
151 28
151 123
151 32
151 33
151 45
151 43
151 20
151 55
151 191
151 50
151 196
151 23
151 48
151 155
151 190
151 46
151 172
151 98
151 29
151 83
151 115
151 11
151 110
151 26
151 8
151 84
151 169
151 181
151 25
151 99
151 118
151 30
151 44
151 7
151 185
151 80
151 166
151 139
151 3
151 124
76 74
76 183
76 71
76 12
76 164
76 4
76 144
76 174
76 121
76 100
76 91
76 57
76 92
76 21
76 132
76 34
76 56
76 27
76 52
76 78
76 184
76 161
76 156
76 182
76 152
76 9
76 179
76 168
76 116
76 31
76 128
76 195
76 39
76 188
76 127
76 106
76 175
76 194
76 131
76 197
76 187
76 171
76 72
76 95
76 199
76 16
76 162
76 82
76 0
76 86
76 159
76 198
76 130
76 69
76 85
76 1
76 60
76 32
76 117
76 45
76 120
76 20
76 37
76 55
76 126
76 36
76 158
76 196
76 23
76 48
76 87
76 190
76 83
76 110
76 26
76 8
76 84
76 169
76 15
76 25
76 99
76 154
76 185
76 49
76 80
76 10
76 58
76 124
111 12
111 143
111 164
111 112
111 144
111 174
111 160
111 177
111 100
111 75
111 13
111 145
111 92
111 132
111 34
111 147
111 27
111 64
111 52
111 81
111 22
111 66
111 184
111 54
111 182
111 152
111 150
111 180
111 168
111 65
111 116
111 31
111 157
111 128
111 195
111 188
111 127
111 106
111 62
111 6
111 175
111 194
111 107
111 89
111 19
111 68
111 171
111 72
111 16
111 162
111 73
111 86
111 198
111 170
111 186
111 85
111 192
111 149
111 108
111 40
111 1
111 135
111 35
111 28
111 32
111 96
111 136
111 17
111 120
111 20
111 37
111 191
111 50
111 196
111 47
111 23
111 155
111 87
111 172
111 98
111 29
111 83
111 115
111 11
111 110
111 61
111 8
111 113
111 169
111 181
111 15
111 118
111 30
111 154
111 7
111 90
111 185
111 53
111 49
111 166
111 58
111 3
111 124
146 74
146 122
146 137
146 14
146 112
146 144
146 174
146 160
146 177
146 75
146 91
146 13
146 57
146 92
146 132
146 34
146 5
146 59
146 52
146 81
146 22
146 66
146 163
146 173
146 161
146 114
146 88
146 54
146 152
146 148
146 9
146 150
146 180
146 179
146 116
146 39
146 188
146 142
146 127
146 106
146 6
146 107
146 178
146 131
146 24
146 72
146 95
146 199
146 162
146 159
146 119
146 51
146 101
146 186
146 130
146 193
146 103
146 108
146 40
146 63
146 35
146 123
146 60
146 96
146 33
146 125
146 136
146 43
146 120
146 37
146 55
146 191
146 158
146 196
146 23
146 48
146 87
146 98
146 29
146 83
146 167
146 11
146 61
146 84
146 113
146 38
146 15
146 99
146 118
146 7
146 90
146 185
146 53
146 49
146 80
146 166
146 139
146 58
146 3
146 124
109 122
109 183
109 71
109 14
109 143
109 112
109 4
109 177
109 121
109 91
109 13
109 57
109 145
109 92
109 21
109 34
109 147
109 27
109 5
109 64
109 81
109 66
109 78
109 173
109 156
109 152
109 148
109 9
109 180
109 179
109 168
109 116
109 31
109 128
109 106
109 6
109 175
109 140
109 194
109 107
109 134
109 19
109 24
109 72
109 95
109 199
109 16
109 162
109 82
109 0
109 198
109 170
109 101
109 103
109 85
109 108
109 40
109 35
109 28
109 96
109 136
109 43
109 37
109 55
109 50
109 196
109 189
109 23
109 155
109 87
109 190
109 98
109 29
109 11
109 110
109 8
109 113
109 181
109 25
109 30
109 154
109 90
109 53
109 80
109 166
109 139
74 122
74 183
74 14
74 143
74 164
74 4
74 104
74 100
74 13
74 92
74 56
74 27
74 5
74 59
74 81
74 138
74 78
74 114
74 156
74 54
74 182
74 9
74 179
74 168
74 65
74 188
74 106
74 62
74 194
74 107
74 89
74 178
74 131
74 187
74 171
74 199
74 77
74 73
74 159
74 170
74 119
74 51
74 101
74 130
74 69
74 85
74 149
74 108
74 40
74 32
74 96
74 117
74 45
74 136
74 43
74 120
74 126
74 191
74 47
74 189
74 48
74 155
74 46
74 98
74 29
74 115
74 11
74 26
74 8
74 84
74 169
74 38
74 25
74 99
74 118
74 30
74 53
74 49
74 80
74 166
74 139
74 3
74 124
122 183
122 102
122 71
122 12
122 141
122 143
122 164
122 112
122 4
122 144
122 104
122 100
122 13
122 92
122 56
122 147
122 5
122 52
122 81
122 22
122 138
122 161
122 88
122 156
122 54
122 9
122 150
122 179
122 168
122 65
122 31
122 157
122 188
122 127
122 106
122 62
122 6
122 175
122 194
122 153
122 107
122 134
122 89
122 93
122 178
122 19
122 197
122 187
122 68
122 72
122 95
122 199
122 16
122 0
122 159
122 170
122 119
122 51
122 101
122 186
122 130
122 193
122 103
122 192
122 149
122 40
122 63
122 1
122 35
122 28
122 32
122 96
122 33
122 117
122 125
122 136
122 17
122 20
122 55
122 126
122 191
122 50
122 158
122 196
122 47
122 189
122 23
122 155
122 46
122 172
122 98
122 11
122 110
122 26
122 61
122 113
122 169
122 38
122 15
122 25
122 118
122 154
122 7
122 185
122 49
122 139
183 71
183 14
183 164
183 112
183 4
183 144
183 160
183 91
183 13
183 57
183 92
183 132
183 34
183 56
183 147
183 64
183 52
183 81
183 22
183 163
183 138
183 173
183 161
183 114
183 88
183 54
183 152
183 9
183 150
183 180
183 179
183 65
183 116
183 31
183 157
183 39
183 142
183 106
183 6
183 140
183 153
183 134
183 93
183 19
183 131
183 187
183 68
183 72
183 162
183 82
183 86
183 159
183 170
183 119
183 101
183 186
183 130
183 193
183 108
183 63
183 96
183 33
183 45
183 136
183 17
183 120
183 20
183 50
183 36
183 48
183 155
183 87
183 190
183 29
183 61
183 8
183 113
183 38
183 181
183 99
183 118
183 44
183 7
183 90
183 80
183 10
183 166
183 139
183 3
102 71
102 12
102 14
102 143
102 121
102 91
102 57
102 145
102 21
102 34
102 147
102 5
102 64
102 52
102 81
102 66
102 163
102 138
102 78
102 114
102 88
102 156
102 182
102 152
102 148
102 9
102 150
102 180
102 179
102 65
102 116
102 195
102 39
102 188
102 142
102 106
102 62
102 140
102 194
102 134
102 93
102 178
102 131
102 197
102 187
102 68
102 199
102 16
102 82
102 73
102 86
102 159
102 170
102 130
102 193
102 103
102 85
102 135
102 123
102 33
102 117
102 45
102 43
102 20
102 37
102 55
102 126
102 50
102 47
102 23
102 48
102 155
102 87
102 190
102 167
102 115
102 110
102 26
102 61
102 8
102 113
102 169
102 38
102 181
102 15
102 25
102 44
102 7
102 185
102 49
102 80
102 139
102 58
102 3
71 137
71 14
71 164
71 112
71 177
71 121
71 104
71 100
71 75
71 91
71 57
71 145
71 92
71 34
71 147
71 5
71 64
71 52
71 22
71 163
71 78
71 114
71 88
71 54
71 148
71 9
71 150
71 168
71 116
71 157
71 128
71 188
71 142
71 127
71 106
71 62
71 140
71 194
71 153
71 93
71 178
71 19
71 197
71 68
71 171
71 72
71 162
71 82
71 73
71 86
71 159
71 198
71 51
71 186
71 130
71 69
71 193
71 103
71 85
71 192
71 149
71 40
71 63
71 1
71 28
71 123
71 60
71 32
71 96
71 117
71 17
71 191
71 50
71 196
71 189
71 23
71 48
71 155
71 87
71 172
71 29
71 83
71 167
71 115
71 26
71 61
71 8
71 169
71 181
71 15
71 99
71 30
71 44
71 154
71 185
71 49
71 80
71 10
71 139
137 141
137 143
137 164
137 104
137 100
137 91
137 92
137 132
137 147
137 27
137 59
137 66
137 163
137 138
137 78
137 114
137 148
137 9
137 150
137 179
137 168
137 65
137 116
137 195
137 106
137 153
137 89
137 178
137 197
137 187
137 24
137 68
137 171
137 0
137 198
137 170
137 51
137 101
137 69
137 193
137 85
137 192
137 40
137 63
137 123
137 60
137 96
137 117
137 45
137 125
137 120
137 126
137 36
137 47
137 23
137 48
137 155
137 87
137 172
137 98
137 83
137 11
137 110
137 8
137 15
137 25
137 99
137 44
137 154
137 185
137 49
137 10
137 166
137 58
137 124
12 14
12 143
12 112
12 4
12 174
12 177
12 104
12 75
12 91
12 57
12 92
12 21
12 132
12 34
12 5
12 64
12 81
12 22
12 163
12 78
12 173
12 114
12 156
12 54
12 9
12 150
12 65
12 116
12 31
12 157
12 128
12 195
12 194
12 153
12 107
12 89
12 93
12 131
12 24
12 171
12 95
12 86
12 198
12 170
12 51
12 101
12 186
12 130
12 69
12 192
12 63
12 135
12 35
12 60
12 96
12 117
12 45
12 125
12 136
12 43
12 120
12 20
12 37
12 158
12 196
12 23
12 48
12 87
12 172
12 83
12 167
12 115
12 11
12 61
12 84
12 169
12 38
12 25
12 99
12 30
12 154
12 90
12 185
12 53
12 49
12 139
141 112
141 4
141 144
141 174
141 177
141 75
141 13
141 57
141 145
141 92
141 34
141 147
141 64
141 52
141 81
141 22
141 66
141 163
141 78
141 184
141 156
141 54
141 152
141 148
141 9
141 150
141 168
141 65
141 116
141 157
141 188
141 127
141 106
141 62
141 140
141 194
141 153
141 89
141 93
141 178
141 131
141 197
141 187
141 24
141 171
141 95
141 77
141 0
141 86
141 198
141 101
141 186
141 130
141 69
141 193
141 85
141 192
141 149
141 108
141 63
141 1
141 33
141 117
141 45
141 136
141 43
141 17
141 120
141 20
141 37
141 55
141 50
141 47
141 23
141 155
141 87
141 29
141 83
141 26
141 61
141 113
141 169
141 99
141 118
141 30
141 44
141 7
141 90
141 185
141 80
141 10
141 166
141 58
141 3
14 143
14 164
14 4
14 160
14 177
14 91
14 13
14 132
14 147
14 27
14 64
14 52
14 81
14 22
14 66
14 163
14 138
14 78
14 161
14 88
14 182
14 152
14 148
14 9
14 180
14 179
14 31
14 157
14 195
14 62
14 6
14 175
14 194
14 107
14 178
14 197
14 187
14 24
14 95
14 77
14 16
14 82
14 159
14 198
14 170
14 51
14 186
14 130
14 193
14 149
14 108
14 63
14 135
14 35
14 28
14 123
14 32
14 125
14 120
14 126
14 50
14 189
14 23
14 155
14 87
14 190
14 46
14 172
14 110
14 26
14 169
14 15
14 25
14 99
14 44
14 7
14 90
14 53
14 80
14 10
14 139
14 3
143 164
143 174
143 160
143 177
143 121
143 100
143 13
143 145
143 132
143 34
143 147
143 64
143 81
143 22
143 66
143 138
143 78
143 173
143 88
143 148
143 9
143 150
143 168
143 65
143 116
143 157
143 195
143 39
143 142
143 62
143 140
143 194
143 134
143 89
143 93
143 19
143 187
143 24
143 68
143 171
143 72
143 95
143 77
143 162
143 82
143 0
143 86
143 198
143 170
143 51
143 101
143 69
143 103
143 85
143 192
143 108
143 63
143 28
143 123
143 60
143 32
143 45
143 43
143 17
143 37
143 191
143 47
143 190
143 46
143 167
143 115
143 26
143 8
143 169
143 181
143 15
143 118
143 30
143 44
143 7
143 90
143 53
143 10
143 166
143 3
143 124
164 112
164 144
164 100
164 57
164 34
164 56
164 147
164 27
164 59
164 81
164 66
164 163
164 138
164 184
164 173
164 114
164 180
164 179
164 65
164 188
164 142
164 127
164 106
164 62
164 6
164 175
164 194
164 93
164 178
164 19
164 24
164 171
164 199
164 162
164 0
164 73
164 198
164 103
164 85
164 192
164 149
164 63
164 35
164 123
164 32
164 96
164 45
164 136
164 43
164 17
164 126
164 36
164 155
164 87
164 190
164 46
164 172
164 98
164 29
164 115
164 84
164 25
164 99
164 139
164 58
164 3
164 124
112 160
112 104
112 75
112 91
112 13
112 145
112 92
112 21
112 132
112 34
112 147
112 5
112 59
112 81
112 22
112 66
112 138
112 161
112 114
112 152
112 150
112 179
112 168
112 157
112 195
112 39
112 134
112 93
112 178
112 19
112 131
112 171
112 95
112 199
112 86
112 159
112 170
112 119
112 193
112 103
112 63
112 35
112 28
112 123
112 60
112 32
112 96
112 33
112 117
112 45
112 125
112 17
112 126
112 191
112 47
112 23
112 87
112 46
112 172
112 11
112 110
112 26
112 84
112 113
112 169
112 15
112 118
112 154
112 7
112 90
112 53
112 139
112 58
112 124
4 144
4 174
4 160
4 177
4 75
4 13
4 57
4 145
4 92
4 21
4 34
4 56
4 147
4 81
4 66
4 163
4 184
4 161
4 156
4 54
4 152
4 148
4 180
4 168
4 65
4 116
4 195
4 188
4 106
4 6
4 140
4 194
4 134
4 89
4 178
4 131
4 197
4 68
4 199
4 77
4 16
4 162
4 82
4 198
4 119
4 51
4 101
4 186
4 130
4 103
4 149
4 63
4 135
4 28
4 123
4 32
4 125
4 136
4 43
4 120
4 55
4 126
4 191
4 50
4 189
4 48
4 87
4 190
4 115
4 11
4 26
4 38
4 181
4 15
4 25
4 90
4 185
4 10
4 166
4 124
144 177
144 121
144 57
144 145
144 92
144 21
144 27
144 59
144 64
144 81
144 163
144 78
144 173
144 161
144 54
144 182
144 152
144 180
144 179
144 168
144 65
144 116
144 39
144 188
144 142
144 127
144 106
144 175
144 89
144 93
144 178
144 68
144 171
144 72
144 95
144 199
144 16
144 162
144 82
144 0
144 73
144 159
144 170
144 119
144 51
144 186
144 69
144 193
144 192
144 108
144 63
144 1
144 60
144 33
144 45
144 125
144 17
144 120
144 20
144 126
144 191
144 50
144 196
144 47
144 189
144 172
144 98
144 29
144 83
144 167
144 110
144 8
144 38
144 181
144 15
144 25
144 118
144 30
144 44
144 90
144 53
144 80
144 10
144 58
144 3
144 124
174 160
174 177
174 104
174 75
174 91
174 13
174 21
174 132
174 147
174 27
174 5
174 52
174 66
174 138
174 184
174 161
174 88
174 156
174 182
174 152
174 148
174 9
174 150
174 180
174 179
174 65
174 116
174 157
174 128
174 39
174 188
174 142
174 175
174 153
174 107
174 93
174 197
174 187
174 24
174 68
174 171
174 72
174 162
174 82
174 0
174 170
174 101
174 130
174 69
174 103
174 192
174 149
174 108
174 1
174 135
174 123
174 60
174 32
174 136
174 43
174 17
174 20
174 50
174 196
174 47
174 48
174 46
174 172
174 98
174 83
174 167
174 11
174 110
174 84
174 169
174 181
174 30
174 154
174 90
174 49
174 10
174 124
160 177
160 121
160 104
160 100
160 75
160 91
160 57
160 145
160 92
160 56
160 147
160 27
160 59
160 64
160 66
160 163
160 138
160 78
160 173
160 161
160 114
160 156
160 54
160 152
160 148
160 150
160 180
160 168
160 116
160 157
160 128
160 195
160 62
160 6
160 153
160 107
160 19
160 187
160 24
160 171
160 72
160 199
160 16
160 82
160 0
160 86
160 198
160 170
160 51
160 101
160 130
160 85
160 149
160 108
160 40
160 63
160 1
160 28
160 96
160 33
160 45
160 125
160 136
160 43
160 126
160 191
160 50
160 36
160 47
160 189
160 87
160 46
160 98
160 29
160 83
160 167
160 11
160 26
160 113
160 38
160 181
160 15
160 25
160 99
160 154
160 7
160 90
160 185
160 53
160 80
160 166
160 58
160 3
177 104
177 100
177 13
177 57
177 92
177 132
177 56
177 5
177 59
177 64
177 52
177 22
177 163
177 184
177 173
177 161
177 54
177 182
177 148
177 180
177 179
177 168
177 116
177 157
177 128
177 195
177 142
177 62
177 140
177 153
177 107
177 89
177 19
177 197
177 187
177 24
177 68
177 72
177 95
177 199
177 82
177 0
177 73
177 86
177 159
177 170
177 119
177 186
177 193
177 85
177 149
177 108
177 40
177 63
177 135
177 35
177 123
177 60
177 32
177 96
177 33
177 45
177 136
177 17
177 120
177 20
177 55
177 191
177 47
177 189
177 87
177 190
177 98
177 29
177 83
177 110
177 26
177 61
177 8
177 84
177 113
177 169
177 38
177 181
177 99
177 118
177 44
177 154
177 185
177 58
177 3
121 104
121 100
121 75
121 91
121 13
121 57
121 145
121 92
121 34
121 147
121 27
121 64
121 81
121 22
121 66
121 138
121 184
121 173
121 114
121 156
121 180
121 179
121 116
121 31
121 157
121 128
121 39
121 188
121 106
121 6
121 175
121 140
121 194
121 153
121 93
121 19
121 197
121 24
121 171
121 95
121 199
121 77
121 16
121 82
121 0
121 86
121 159
121 198
121 170
121 119
121 101
121 130
121 193
121 103
121 85
121 149
121 108
121 63
121 1
121 135
121 28
121 123
121 32
121 33
121 117
121 45
121 125
121 43
121 20
121 55
121 191
121 50
121 158
121 196
121 47
121 23
121 48
121 190
121 98
121 29
121 83
121 11
121 26
121 61
121 84
121 169
121 38
121 15
121 30
121 154
121 7
121 90
121 185
121 53
121 49
121 10
121 139
121 58
104 100
104 57
104 34
104 56
104 147
104 5
104 59
104 52
104 161
104 114
104 88
104 156
104 54
104 148
104 9
104 179
104 168
104 116
104 128
104 39
104 142
104 62
104 140
104 194
104 178
104 19
104 131
104 197
104 187
104 24
104 68
104 95
104 199
104 16
104 82
104 0
104 159
104 198
104 119
104 101
104 193
104 108
104 63
104 1
104 123
104 60
104 32
104 125
104 43
104 20
104 37
104 126
104 191
104 50
104 36
104 48
104 87
104 98
104 29
104 115
104 11
104 110
104 26
104 84
104 113
104 169
104 25
104 44
104 7
104 90
104 185
104 53
104 49
104 80
104 166
104 58
104 124
100 57
100 34
100 56
100 27
100 59
100 66
100 138
100 161
100 88
100 156
100 182
100 150
100 179
100 116
100 128
100 195
100 39
100 142
100 106
100 89
100 93
100 197
100 187
100 24
100 68
100 95
100 77
100 162
100 82
100 73
100 86
100 101
100 186
100 69
100 85
100 149
100 63
100 35
100 123
100 32
100 33
100 43
100 20
100 37
100 55
100 50
100 158
100 47
100 155
100 190
100 46
100 98
100 83
100 115
100 26
100 113
100 38
100 181
100 15
100 99
100 44
100 154
100 185
100 10
100 124
75 13
75 145
75 21
75 34
75 147
75 5
75 59
75 52
75 81
75 66
75 138
75 78
75 184
75 161
75 88
75 156
75 182
75 148
75 150
75 180
75 168
75 65
75 116
75 157
75 142
75 62
75 6
75 107
75 134
75 89
75 197
75 24
75 72
75 95
75 77
75 16
75 162
75 82
75 0
75 159
75 198
75 170
75 51
75 101
75 130
75 193
75 103
75 85
75 192
75 63
75 135
75 96
75 43
75 17
75 120
75 20
75 50
75 36
75 196
75 155
75 190
75 167
75 11
75 110
75 26
75 61
75 8
75 84
75 113
75 169
75 181
75 15
75 25
75 30
75 154
75 7
75 49
75 139
75 58
75 3
91 145
91 92
91 132
91 147
91 27
91 5
91 64
91 22
91 66
91 78
91 173
91 161
91 114
91 88
91 156
91 182
91 9
91 150
91 180
91 179
91 31
91 157
91 128
91 195
91 62
91 6
91 175
91 194
91 134
91 89
91 93
91 178
91 131
91 187
91 24
91 68
91 199
91 77
91 16
91 162
91 73
91 86
91 51
91 101
91 186
91 130
91 69
91 103
91 192
91 1
91 135
91 123
91 60
91 96
91 33
91 136
91 120
91 20
91 55
91 158
91 47
91 189
91 155
91 87
91 190
91 46
91 172
91 98
91 29
91 83
91 167
91 115
91 61
91 84
91 113
91 169
91 15
91 30
91 154
91 185
91 53
91 49
91 80
91 3
13 145
13 92
13 21
13 147
13 27
13 5
13 64
13 81
13 66
13 163
13 138
13 184
13 161
13 88
13 156
13 182
13 152
13 150
13 180
13 168
13 142
13 106
13 62
13 6
13 175
13 107
13 134
13 89
13 93
13 19
13 131
13 197
13 187
13 24
13 68
13 72
13 95
13 199
13 162
13 198
13 119
13 101
13 130
13 103
13 85
13 149
13 63
13 1
13 135
13 35
13 28
13 60
13 32
13 96
13 125
13 136
13 43
13 20
13 55
13 191
13 50
13 36
13 158
13 196
13 87
13 190
13 172
13 98
13 83
13 167
13 115
13 11
13 26
13 61
13 8
13 84
13 113
13 169
13 38
13 181
13 99
13 118
13 30
13 44
13 185
13 53
13 139
57 92
57 21
57 56
57 27
57 59
57 64
57 66
57 78
57 184
57 173
57 88
57 156
57 54
57 148
57 9
57 179
57 168
57 65
57 39
57 188
57 106
57 140
57 194
57 134
57 171
57 95
57 77
57 162
57 86
57 119
57 186
57 130
57 69
57 103
57 85
57 40
57 63
57 1
57 35
57 33
57 136
57 20
57 37
57 36
57 196
57 189
57 48
57 87
57 172
57 98
57 29
57 115
57 110
57 26
57 44
57 90
57 53
57 49
57 80
57 139
57 58
145 92
145 21
145 132
145 56
145 59
145 52
145 66
145 138
145 184
145 161
145 114
145 88
145 156
145 54
145 182
145 152
145 180
145 168
145 116
145 31
145 128
145 195
145 142
145 106
145 140
145 153
145 134
145 89
145 93
145 19
145 197
145 187
145 24
145 68
145 171
145 199
145 77
145 82
145 73
145 86
145 198
145 170
145 130
145 69
145 193
145 103
145 85
145 192
145 149
145 108
145 63
145 35
145 123
145 32
145 96
145 117
145 43
145 17
145 20
145 126
145 50
145 36
145 158
145 23
145 48
145 98
145 167
145 115
145 110
145 61
145 84
145 169
145 99
145 118
145 30
145 154
145 7
145 90
145 185
145 49
145 80
145 166
145 3
145 124
92 132
92 34
92 147
92 27
92 59
92 64
92 81
92 66
92 173
92 114
92 88
92 156
92 54
92 182
92 152
92 148
92 9
92 150
92 180
92 65
92 157
92 128
92 195
92 39
92 142
92 127
92 106
92 175
92 140
92 194
92 153
92 93
92 19
92 197
92 72
92 95
92 16
92 0
92 73
92 198
92 170
92 101
92 130
92 103
92 192
92 149
92 108
92 40
92 1
92 135
92 35
92 32
92 96
92 117
92 45
92 17
92 20
92 37
92 191
92 36
92 189
92 23
92 87
92 190
92 29
92 110
92 26
92 61
92 15
92 25
92 99
92 30
92 7
92 139
92 58
92 3
21 56
21 147
21 27
21 5
21 81
21 22
21 163
21 138
21 184
21 161
21 114
21 156
21 54
21 182
21 152
21 148
21 9
21 180
21 179
21 168
21 31
21 39
21 188
21 142
21 194
21 107
21 134
21 19
21 187
21 24
21 68
21 171
21 72
21 95
21 77
21 16
21 162
21 82
21 198
21 170
21 51
21 101
21 193
21 103
21 85
21 192
21 40
21 63
21 1
21 28
21 60
21 33
21 136
21 17
21 120
21 37
21 55
21 126
21 50
21 36
21 158
21 189
21 48
21 155
21 46
21 98
21 29
21 167
21 110
21 61
21 8
21 84
21 113
21 181
21 30
21 90
21 49
21 80
21 10
21 139
132 147
132 5
132 59
132 64
132 66
132 163
132 138
132 78
132 184
132 173
132 161
132 114
132 156
132 54
132 152
132 179
132 65
132 116
132 31
132 195
132 188
132 142
132 127
132 62
132 175
132 140
132 194
132 153
132 107
132 134
132 93
132 178
132 131
132 24
132 171
132 199
132 162
132 82
132 51
132 186
132 69
132 193
132 85
132 192
132 108
132 40
132 63
132 135
132 28
132 123
132 60
132 32
132 33
132 45
132 125
132 43
132 120
132 20
132 37
132 126
132 191
132 158
132 196
132 23
132 155
132 190
132 172
132 29
132 83
132 167
132 11
132 61
132 113
132 181
132 15
132 99
132 118
132 7
132 185
132 49
132 80
132 58
34 22
34 161
34 88
34 156
34 54
34 182
34 152
34 148
34 9
34 180
34 168
34 65
34 116
34 128
34 39
34 188
34 175
34 194
34 107
34 134
34 89
34 178
34 197
34 24
34 171
34 95
34 199
34 86
34 159
34 198
34 101
34 85
34 108
34 1
34 135
34 43
34 17
34 20
34 55
34 191
34 50
34 158
34 196
34 23
34 190
34 98
34 167
34 11
34 61
34 8
34 84
34 113
34 38
34 99
34 118
34 7
34 90
34 185
34 49
34 80
34 3
34 124
56 59
56 81
56 22
56 66
56 138
56 78
56 184
56 161
56 88
56 152
56 9
56 150
56 180
56 179
56 168
56 116
56 31
56 128
56 195
56 188
56 142
56 127
56 106
56 140
56 194
56 107
56 197
56 171
56 199
56 16
56 82
56 73
56 159
56 119
56 51
56 101
56 186
56 193
56 85
56 149
56 108
56 63
56 1
56 135
56 28
56 32
56 33
56 117
56 43
56 17
56 126
56 191
56 36
56 158
56 189
56 23
56 155
56 87
56 46
56 172
56 98
56 29
56 83
56 167
56 115
56 110
56 8
56 169
56 181
56 15
56 99
56 7
56 90
56 185
56 53
56 49
56 166
56 139
56 58
56 3
56 124
147 27
147 22
147 66
147 138
147 78
147 184
147 173
147 114
147 88
147 156
147 182
147 152
147 148
147 179
147 168
147 116
147 31
147 128
147 195
147 142
147 106
147 62
147 6
147 194
147 153
147 107
147 134
147 197
147 187
147 24
147 162
147 82
147 170
147 119
147 51
147 186
147 69
147 193
147 103
147 85
147 192
147 40
147 135
147 28
147 123
147 60
147 33
147 43
147 17
147 20
147 55
147 50
147 196
147 47
147 189
147 23
147 190
147 46
147 83
147 110
147 61
147 84
147 113
147 38
147 181
147 25
147 99
147 118
147 90
147 185
147 53
147 10
147 139
147 58
147 3
147 124
27 5
27 59
27 78
27 184
27 88
27 54
27 182
27 148
27 9
27 150
27 180
27 168
27 116
27 31
27 157
27 128
27 62
27 140
27 194
27 153
27 89
27 178
27 131
27 68
27 171
27 16
27 162
27 82
27 198
27 170
27 119
27 103
27 85
27 192
27 149
27 40
27 1
27 135
27 28
27 123
27 60
27 32
27 96
27 33
27 117
27 45
27 17
27 20
27 55
27 191
27 36
27 158
27 48
27 87
27 172
27 110
27 26
27 61
27 8
27 84
27 30
27 154
27 53
27 10
27 166
27 139
27 58
27 3
5 64
5 52
5 163
5 138
5 78
5 173
5 152
5 148
5 150
5 179
5 168
5 157
5 195
5 39
5 62
5 6
5 175
5 140
5 194
5 153
5 107
5 178
5 19
5 24
5 171
5 95
5 16
5 162
5 82
5 73
5 86
5 159
5 170
5 101
5 186
5 130
5 149
5 1
5 135
5 35
5 28
5 60
5 32
5 96
5 45
5 125
5 43
5 17
5 20
5 55
5 36
5 196
5 48
5 155
5 87
5 46
5 84
5 181
5 15
5 30
5 154
5 90
5 185
5 80
5 10
5 166
5 139
5 3
5 124
59 64
59 52
59 81
59 22
59 66
59 163
59 138
59 173
59 161
59 114
59 88
59 156
59 152
59 148
59 9
59 180
59 179
59 168
59 31
59 128
59 195
59 39
59 142
59 6
59 140
59 153
59 107
59 197
59 171
59 199
59 16
59 119
59 51
59 101
59 186
59 130
59 103
59 85
59 149
59 108
59 63
59 35
59 28
59 60
59 32
59 33
59 136
59 55
59 126
59 36
59 48
59 87
59 172
59 98
59 115
59 110
59 61
59 84
59 181
59 25
59 99
59 30
59 7
59 185
59 53
59 49
59 80
59 139
59 58
59 3
59 124
64 52
64 81
64 66
64 138
64 78
64 114
64 156
64 54
64 152
64 9
64 168
64 65
64 116
64 157
64 128
64 39
64 142
64 106
64 62
64 6
64 140
64 194
64 107
64 89
64 93
64 178
64 19
64 131
64 197
64 24
64 171
64 72
64 199
64 16
64 82
64 0
64 198
64 170
64 119
64 51
64 101
64 186
64 69
64 193
64 85
64 192
64 108
64 1
64 28
64 123
64 60
64 32
64 117
64 125
64 136
64 43
64 20
64 55
64 36
64 23
64 48
64 155
64 46
64 172
64 29
64 83
64 115
64 11
64 26
64 15
64 25
64 118
64 7
64 90
64 53
64 49
64 80
64 58
64 3
52 81
52 22
52 66
52 138
52 78
52 173
52 114
52 88
52 152
52 9
52 150
52 180
52 179
52 65
52 116
52 157
52 39
52 188
52 127
52 62
52 6
52 140
52 194
52 153
52 134
52 19
52 131
52 197
52 187
52 24
52 68
52 72
52 95
52 199
52 77
52 16
52 82
52 0
52 51
52 101
52 130
52 193
52 103
52 85
52 149
52 63
52 28
52 123
52 60
52 32
52 117
52 125
52 136
52 120
52 37
52 191
52 189
52 23
52 155
52 190
52 46
52 172
52 98
52 167
52 115
52 110
52 26
52 61
52 113
52 15
52 99
52 7
52 90
52 53
52 139
52 58
52 3
52 124
81 22
81 66
81 78
81 114
81 88
81 156
81 54
81 148
81 9
81 168
81 65
81 31
81 128
81 195
81 39
81 188
81 142
81 62
81 6
81 175
81 107
81 89
81 93
81 19
81 197
81 68
81 171
81 72
81 199
81 162
81 0
81 73
81 159
81 198
81 119
81 51
81 101
81 130
81 69
81 193
81 85
81 108
81 28
81 123
81 32
81 117
81 45
81 43
81 17
81 120
81 55
81 126
81 191
81 47
81 23
81 155
81 87
81 190
81 46
81 98
81 110
81 26
81 169
81 181
81 25
81 99
81 30
81 154
81 7
81 49
81 80
81 139
81 124
22 163
22 138
22 78
22 161
22 114
22 88
22 54
22 182
22 152
22 148
22 9
22 168
22 128
22 195
22 39
22 127
22 106
22 62
22 6
22 140
22 194
22 134
22 89
22 93
22 19
22 24
22 68
22 171
22 72
22 199
22 162
22 170
22 101
22 186
22 130
22 69
22 103
22 192
22 40
22 63
22 1
22 135
22 28
22 123
22 60
22 32
22 117
22 136
22 20
22 37
22 126
22 158
22 196
22 189
22 23
22 46
22 98
22 167
22 110
22 26
22 61
22 8
22 169
22 38
22 181
22 15
22 25
22 99
22 30
22 44
22 154
22 7
22 53
22 49
22 10
22 139
22 58
22 124
66 163
66 138
66 78
66 173
66 114
66 88
66 54
66 182
66 9
66 150
66 180
66 179
66 168
66 65
66 31
66 128
66 188
66 142
66 106
66 62
66 6
66 194
66 107
66 93
66 131
66 187
66 24
66 171
66 95
66 199
66 77
66 16
66 162
66 0
66 73
66 159
66 198
66 170
66 119
66 101
66 130
66 193
66 103
66 85
66 192
66 149
66 108
66 40
66 1
66 135
66 28
66 96
66 125
66 136
66 17
66 120
66 20
66 37
66 55
66 50
66 196
66 47
66 23
66 155
66 190
66 172
66 98
66 167
66 115
66 11
66 8
66 38
66 15
66 118
66 44
66 154
66 90
66 185
66 53
66 80
66 124
163 138
163 78
163 161
163 114
163 88
163 54
163 150
163 180
163 168
163 65
163 116
163 31
163 128
163 142
163 175
163 194
163 153
163 107
163 134
163 93
163 178
163 187
163 24
163 199
163 77
163 16
163 82
163 73
163 86
163 159
163 198
163 119
163 101
163 186
163 193
163 103
163 85
163 108
163 63
163 1
163 135
163 35
163 32
163 96
163 33
163 117
163 45
163 136
163 37
163 126
163 36
163 158
163 47
163 23
163 87
163 190
163 167
163 110
163 26
163 61
163 84
163 113
163 169
163 181
163 15
163 30
163 44
163 154
163 90
163 185
163 53
163 10
163 139
163 58
163 3
163 124
138 161
138 54
138 152
138 148
138 150
138 179
138 168
138 116
138 157
138 128
138 195
138 39
138 106
138 62
138 6
138 194
138 153
138 19
138 131
138 197
138 187
138 24
138 68
138 171
138 199
138 162
138 0
138 73
138 86
138 198
138 119
138 51
138 101
138 186
138 69
138 85
138 149
138 108
138 63
138 1
138 33
138 117
138 45
138 43
138 120
138 37
138 191
138 36
138 189
138 23
138 48
138 87
138 190
138 172
138 98
138 29
138 11
138 26
138 84
138 113
138 38
138 181
138 99
138 118
138 30
138 44
138 154
138 7
138 53
138 80
138 10
138 166
138 3
78 173
78 88
78 156
78 9
78 150
78 31
78 157
78 128
78 39
78 188
78 127
78 106
78 62
78 6
78 175
78 194
78 131
78 187
78 95
78 199
78 77
78 162
78 51
78 101
78 186
78 193
78 85
78 149
78 108
78 40
78 63
78 1
78 28
78 123
78 32
78 96
78 33
78 45
78 43
78 120
78 55
78 126
78 36
78 158
78 196
78 47
78 23
78 155
78 87
78 98
78 83
78 115
78 26
78 61
78 38
78 181
78 15
78 99
78 118
78 30
78 154
78 90
78 166
78 58
78 3
78 124
184 173
184 114
184 88
184 156
184 182
184 148
184 150
184 179
184 116
184 157
184 128
184 195
184 188
184 142
184 127
184 62
184 175
184 153
184 134
184 89
184 93
184 178
184 19
184 197
184 187
184 72
184 199
184 162
184 82
184 0
184 73
184 86
184 119
184 186
184 193
184 85
184 192
184 149
184 108
184 40
184 1
184 123
184 60
184 32
184 33
184 117
184 136
184 120
184 50
184 158
184 189
184 48
184 155
184 87
184 98
184 110
184 26
184 84
184 113
184 181
184 15
184 25
184 118
184 44
184 154
184 7
184 90
184 53
184 10
184 139
173 88
173 156
173 54
173 152
173 148
173 9
173 150
173 168
173 116
173 157
173 39
173 188
173 6
173 107
173 134
173 178
173 187
173 68
173 171
173 95
173 16
173 162
173 86
173 159
173 119
173 51
173 101
173 130
173 69
173 193
173 103
173 192
173 149
173 40
173 1
173 60
173 96
173 33
173 117
173 45
173 17
173 37
173 55
173 191
173 50
173 36
173 189
173 48
173 98
173 167
173 11
173 110
173 26
173 61
173 8
173 84
173 113
173 38
173 15
173 30
173 154
173 7
173 90
173 49
173 80
173 58
161 114
161 156
161 54
161 182
161 148
161 9
161 180
161 168
161 39
161 188
161 142
161 127
161 175
161 140
161 194
161 153
161 134
161 89
161 24
161 68
161 77
161 162
161 82
161 0
161 73
161 159
161 170
161 119
161 51
161 101
161 85
161 192
161 149
161 63
161 135
161 28
161 123
161 96
161 33
161 117
161 136
161 43
161 55
161 191
161 36
161 158
161 47
161 48
161 155
161 87
161 190
161 83
161 26
161 84
161 38
161 181
161 15
161 25
161 44
161 154
161 90
161 53
161 49
161 10
161 166
161 139
161 58
161 3
114 54
114 182
114 148
114 9
114 168
114 116
114 31
114 142
114 106
114 62
114 175
114 140
114 194
114 153
114 107
114 93
114 178
114 19
114 131
114 187
114 24
114 68
114 171
114 16
114 82
114 0
114 86
114 119
114 51
114 130
114 193
114 108
114 40
114 63
114 35
114 123
114 60
114 96
114 125
114 43
114 17
114 37
114 55
114 126
114 36
114 196
114 189
114 87
114 98
114 29
114 167
114 115
114 11
114 110
114 26
114 61
114 8
114 113
114 38
114 25
114 99
114 118
114 154
114 7
114 90
114 53
114 49
114 80
114 10
114 166
114 3
88 156
88 182
88 152
88 148
88 9
88 179
88 116
88 31
88 157
88 128
88 188
88 142
88 62
88 6
88 140
88 153
88 107
88 134
88 89
88 93
88 19
88 187
88 24
88 68
88 171
88 95
88 16
88 162
88 159
88 170
88 51
88 69
88 193
88 103
88 85
88 108
88 40
88 63
88 1
88 135
88 60
88 96
88 117
88 125
88 17
88 20
88 55
88 126
88 50
88 36
88 196
88 47
88 189
88 23
88 155
88 87
88 98
88 167
88 61
88 84
88 169
88 181
88 118
88 30
88 44
88 154
88 7
88 90
88 185
88 53
88 49
88 10
88 139
88 124
156 148
156 9
156 150
156 65
156 116
156 128
156 195
156 106
156 62
156 194
156 134
156 19
156 131
156 197
156 187
156 68
156 72
156 95
156 82
156 73
156 159
156 51
156 130
156 193
156 103
156 192
156 149
156 108
156 40
156 28
156 136
156 17
156 120
156 126
156 36
156 196
156 189
156 48
156 155
156 190
156 46
156 172
156 29
156 83
156 115
156 110
156 113
156 181
156 25
156 30
156 44
156 7
156 185
156 53
156 166
156 58
156 3
54 182
54 148
54 150
54 180
54 179
54 65
54 157
54 128
54 188
54 127
54 175
54 194
54 153
54 134
54 93
54 19
54 197
54 171
54 95
54 16
54 162
54 0
54 73
54 86
54 159
54 51
54 193
54 85
54 40
54 63
54 123
54 60
54 33
54 45
54 125
54 17
54 20
54 37
54 55
54 126
54 50
54 36
54 196
54 47
54 189
54 23
54 48
54 155
54 115
54 11
54 110
54 26
54 8
54 113
54 169
54 181
54 25
54 99
54 118
54 90
54 185
54 53
54 49
54 139
54 58
54 124
182 9
182 150
182 168
182 116
182 157
182 128
182 39
182 188
182 142
182 127
182 106
182 62
182 175
182 140
182 194
182 153
182 134
182 89
182 93
182 178
182 19
182 131
182 197
182 24
182 72
182 16
182 162
182 82
182 73
182 119
182 101
182 186
182 130
182 69
182 103
182 85
182 192
182 149
182 108
182 135
182 123
182 60
182 17
182 55
182 191
182 50
182 158
182 47
182 23
182 48
182 46
182 29
182 83
182 115
182 110
182 61
182 8
182 113
182 169
182 181
182 15
182 99
182 30
182 154
182 90
182 185
182 166
182 139
182 58
152 150
152 179
152 65
152 39
152 188
152 142
152 175
152 140
152 153
152 107
152 178
152 131
152 197
152 171
152 95
152 77
152 82
152 86
152 159
152 51
152 85
152 108
152 40
152 63
152 1
152 135
152 35
152 28
152 123
152 60
152 96
152 45
152 125
152 136
152 43
152 17
152 20
152 37
152 126
152 50
152 47
152 189
152 23
152 48
152 155
152 87
152 172
152 98
152 115
152 61
152 113
152 169
152 25
152 118
152 7
152 90
152 80
152 10
152 166
152 139
152 3
148 150
148 180
148 65
148 116
148 157
148 128
148 142
148 140
148 153
148 19
148 131
148 187
148 68
148 171
148 72
148 199
148 16
148 82
148 86
148 159
148 101
148 130
148 85
148 149
148 40
148 35
148 28
148 123
148 96
148 117
148 45
148 125
148 43
148 17
148 55
148 50
148 47
148 46
148 29
148 83
148 167
148 11
148 110
148 26
148 181
148 15
148 99
148 118
148 44
148 154
148 7
148 90
148 49
148 80
148 166
148 139
148 3
148 124
9 180
9 179
9 65
9 31
9 157
9 39
9 188
9 62
9 6
9 175
9 194
9 107
9 134
9 89
9 93
9 19
9 197
9 68
9 171
9 72
9 95
9 199
9 77
9 162
9 82
9 86
9 159
9 170
9 51
9 130
9 69
9 193
9 192
9 149
9 108
9 35
9 60
9 96
9 125
9 136
9 120
9 37
9 55
9 126
9 191
9 36
9 196
9 47
9 48
9 155
9 87
9 190
9 172
9 98
9 29
9 11
9 110
9 61
9 8
9 113
9 169
9 38
9 181
9 25
9 118
9 44
9 154
9 185
9 53
9 80
9 166
9 139
9 58
9 3
9 124
150 65
150 116
150 128
150 195
150 39
150 188
150 142
150 127
150 62
150 6
150 153
150 134
150 89
150 93
150 178
150 187
150 24
150 171
150 199
150 198
150 170
150 101
150 69
150 193
150 103
150 192
150 149
150 108
150 1
150 35
150 28
150 123
150 96
150 33
150 117
150 45
150 136
150 20
150 37
150 55
150 196
150 23
150 87
150 190
150 172
150 167
150 11
150 110
150 61
150 8
150 169
150 38
150 181
150 118
150 30
150 90
150 185
150 53
150 49
150 10
150 166
150 3
180 168
180 65
180 157
180 128
180 39
180 188
180 127
180 106
180 6
180 175
180 134
180 19
180 131
180 197
180 24
180 68
180 171
180 16
180 162
180 82
180 0
180 73
180 86
180 159
180 51
180 130
180 69
180 193
180 149
180 63
180 35
180 28
180 60
180 32
180 45
180 125
180 136
180 43
180 120
180 20
180 37
180 55
180 126
180 50
180 36
180 196
180 155
180 87
180 46
180 172
180 29
180 83
180 167
180 115
180 110
180 26
180 61
180 8
180 84
180 169
180 118
180 44
180 185
180 80
180 10
180 166
180 139
180 124
179 157
179 188
179 127
179 106
179 62
179 6
179 140
179 194
179 178
179 131
179 171
179 72
179 95
179 162
179 0
179 73
179 119
179 186
179 130
179 69
179 103
179 192
179 40
179 63
179 135
179 35
179 28
179 32
179 96
179 33
179 117
179 125
179 136
179 17
179 20
179 55
179 126
179 50
179 36
179 47
179 155
179 172
179 98
179 83
179 11
179 110
179 26
179 61
179 8
179 181
179 30
179 44
179 154
179 7
179 90
179 185
179 49
179 80
179 10
179 139
179 124
168 65
168 128
168 39
168 188
168 127
168 62
168 6
168 140
168 153
168 134
168 19
168 131
168 197
168 187
168 24
168 72
168 95
168 199
168 77
168 16
168 73
168 86
168 119
168 51
168 101
168 186
168 193
168 85
168 192
168 40
168 63
168 35
168 28
168 123
168 33
168 43
168 120
168 20
168 126
168 191
168 36
168 196
168 23
168 87
168 190
168 46
168 98
168 29
168 167
168 8
168 84
168 113
168 181
168 25
168 99
168 90
168 49
168 10
168 166
168 58
168 124
65 116
65 31
65 142
65 106
65 6
65 194
65 153
65 107
65 93
65 178
65 19
65 95
65 199
65 162
65 73
65 86
65 198
65 170
65 51
65 101
65 186
65 69
65 108
65 135
65 35
65 60
65 32
65 33
65 117
65 125
65 136
65 20
65 55
65 50
65 158
65 196
65 189
65 48
65 190
65 46
65 83
65 110
65 26
65 8
65 169
65 15
65 25
65 99
65 118
65 44
65 7
65 90
65 49
65 10
65 166
65 58
65 3
116 127
116 106
116 175
116 140
116 194
116 107
116 134
116 93
116 178
116 68
116 171
116 95
116 77
116 16
116 162
116 82
116 73
116 198
116 170
116 51
116 186
116 193
116 149
116 1
116 135
116 123
116 117
116 125
116 20
116 55
116 126
116 158
116 189
116 48
116 155
116 87
116 190
116 46
116 172
116 98
116 110
116 61
116 8
116 113
116 169
116 38
116 15
116 25
116 118
116 30
116 154
116 90
116 185
116 53
116 49
116 10
116 139
31 195
31 39
31 142
31 127
31 6
31 175
31 140
31 107
31 134
31 89
31 178
31 131
31 72
31 77
31 16
31 162
31 0
31 86
31 198
31 119
31 51
31 69
31 193
31 103
31 85
31 192
31 149
31 108
31 40
31 63
31 1
31 35
31 28
31 123
31 96
31 125
31 17
31 120
31 20
31 55
31 126
31 36
31 158
31 47
31 189
31 48
31 155
31 46
31 83
31 11
31 110
31 26
31 8
31 84
31 38
31 181
31 118
31 7
31 90
31 185
31 49
31 58
31 124
157 128
157 106
157 62
157 6
157 107
157 89
157 93
157 19
157 187
157 68
157 72
157 95
157 199
157 77
157 162
157 73
157 119
157 51
157 186
157 130
157 69
157 193
157 103
157 85
157 108
157 40
157 63
157 35
157 123
157 96
157 120
157 37
157 126
157 191
157 50
157 158
157 189
157 48
157 46
157 29
157 83
157 167
157 115
157 110
157 26
157 8
157 181
157 15
157 99
157 118
157 30
157 90
157 185
157 53
157 49
157 80
157 10
157 166
157 58
157 3
128 195
128 39
128 142
128 62
128 6
128 175
128 140
128 107
128 134
128 178
128 19
128 131
128 187
128 24
128 72
128 199
128 16
128 162
128 82
128 0
128 198
128 170
128 186
128 130
128 69
128 149
128 108
128 40
128 1
128 135
128 123
128 60
128 33
128 117
128 45
128 136
128 43
128 120
128 37
128 55
128 126
128 50
128 158
128 189
128 48
128 155
128 46
128 172
128 29
128 83
128 167
128 110
128 26
128 8
128 169
128 181
128 118
128 30
128 7
128 53
128 80
128 10
128 124
195 142
195 127
195 62
195 175
195 153
195 107
195 134
195 93
195 19
195 197
195 187
195 24
195 72
195 16
195 162
195 0
195 159
195 119
195 130
195 69
195 193
195 103
195 192
195 149
195 108
195 40
195 135
195 35
195 33
195 117
195 45
195 125
195 136
195 17
195 120
195 20
195 55
195 158
195 196
195 23
195 155
195 83
195 11
195 110
195 26
195 8
195 84
195 113
195 169
195 38
195 15
195 25
195 99
195 30
195 44
195 7
195 49
195 139
39 127
39 106
39 62
39 140
39 107
39 134
39 93
39 178
39 19
39 24
39 68
39 171
39 72
39 199
39 77
39 162
39 0
39 159
39 170
39 51
39 186
39 193
39 149
39 108
39 123
39 60
39 32
39 96
39 33
39 117
39 45
39 136
39 120
39 20
39 37
39 55
39 191
39 50
39 36
39 189
39 23
39 48
39 155
39 190
39 98
39 29
39 83
39 167
39 115
39 11
39 26
39 84
39 113
39 181
39 118
39 154
39 90
39 10
39 166
39 139
39 58
39 124
188 142
188 127
188 62
188 140
188 153
188 134
188 89
188 19
188 131
188 187
188 24
188 68
188 171
188 72
188 95
188 199
188 77
188 162
188 82
188 86
188 170
188 119
188 51
188 101
188 186
188 69
188 85
188 192
188 149
188 40
188 63
188 35
188 123
188 60
188 117
188 45
188 125
188 43
188 17
188 120
188 37
188 126
188 50
188 36
188 196
188 155
188 87
188 190
188 46
188 83
188 61
188 84
188 113
188 181
188 99
188 30
188 90
188 53
188 49
188 80
188 10
188 166
142 127
142 62
142 6
142 175
142 140
142 153
142 197
142 68
142 171
142 72
142 95
142 199
142 77
142 16
142 82
142 73
142 86
142 198
142 101
142 186
142 130
142 85
142 192
142 149
142 63
142 1
142 35
142 123
142 60
142 33
142 117
142 45
142 125
142 20
142 36
142 158
142 48
142 155
142 190
142 98
142 29
142 167
142 11
142 110
142 8
142 169
142 38
142 181
142 99
142 44
142 154
142 90
142 185
142 3
127 62
127 140
127 153
127 107
127 89
127 93
127 19
127 131
127 24
127 72
127 77
127 16
127 162
127 82
127 0
127 73
127 86
127 130
127 69
127 103
127 85
127 192
127 108
127 63
127 1
127 135
127 35
127 28
127 60
127 96
127 33
127 117
127 45
127 17
127 120
127 37
127 126
127 191
127 36
127 196
127 47
127 189
127 23
127 48
127 155
127 87
127 190
127 172
127 98
127 83
127 115
127 11
127 8
127 169
127 181
127 99
127 7
127 90
127 185
127 49
127 80
127 10
127 166
127 139
127 124
106 175
106 107
106 93
106 19
106 197
106 187
106 24
106 95
106 77
106 73
106 159
106 170
106 51
106 186
106 130
106 69
106 193
106 103
106 85
106 192
106 149
106 40
106 63
106 135
106 35
106 28
106 60
106 32
106 96
106 117
106 136
106 120
106 37
106 55
106 126
106 48
106 155
106 190
106 46
106 172
106 29
106 83
106 61
106 8
106 169
106 99
106 118
106 44
106 90
106 185
106 53
106 49
106 10
106 166
106 139
106 58
106 3
106 124
62 194
62 153
62 93
62 178
62 197
62 68
62 171
62 72
62 82
62 73
62 119
62 101
62 193
62 103
62 85
62 149
62 108
62 40
62 28
62 123
62 60
62 96
62 117
62 136
62 43
62 126
62 191
62 36
62 158
62 196
62 189
62 23
62 172
62 29
62 167
62 110
62 61
62 8
62 84
62 113
62 25
62 99
62 44
62 7
62 90
62 53
62 49
62 80
62 10
62 139
62 58
62 124
6 89
6 93
6 178
6 131
6 197
6 187
6 24
6 199
6 77
6 0
6 73
6 159
6 198
6 170
6 51
6 69
6 193
6 103
6 192
6 108
6 40
6 63
6 135
6 35
6 28
6 123
6 60
6 32
6 96
6 117
6 45
6 125
6 136
6 120
6 20
6 37
6 55
6 196
6 47
6 189
6 23
6 155
6 87
6 190
6 172
6 167
6 115
6 11
6 61
6 8
6 169
6 38
6 15
6 99
6 154
6 80
6 10
6 58
6 124
175 140
175 194
175 134
175 89
175 178
175 19
175 197
175 24
175 68
175 72
175 77
175 162
175 82
175 159
175 170
175 51
175 101
175 193
175 103
175 192
175 149
175 40
175 1
175 60
175 33
175 120
175 20
175 55
175 191
175 36
175 196
175 47
175 189
175 155
175 190
175 46
175 172
175 98
175 29
175 167
175 11
175 110
175 61
175 113
175 169
175 118
175 30
175 7
175 90
175 185
175 53
175 49
175 166
175 58
175 124
140 194
140 153
140 107
140 134
140 178
140 19
140 131
140 68
140 171
140 95
140 77
140 16
140 162
140 0
140 170
140 119
140 186
140 85
140 192
140 1
140 135
140 28
140 60
140 32
140 96
140 33
140 117
140 17
140 120
140 20
140 55
140 126
140 191
140 196
140 47
140 48
140 87
140 98
140 115
140 110
140 61
140 84
140 113
140 38
140 181
140 44
140 7
140 53
140 49
140 166
140 58
140 124
194 93
194 131
194 197
194 199
194 0
194 73
194 198
194 170
194 119
194 101
194 186
194 130
194 103
194 192
194 149
194 108
194 63
194 1
194 123
194 60
194 32
194 33
194 117
194 125
194 136
194 43
194 20
194 37
194 55
194 191
194 158
194 47
194 189
194 48
194 155
194 87
194 172
194 29
194 83
194 167
194 11
194 61
194 84
194 169
194 15
194 25
194 118
194 154
194 7
194 90
194 80
194 166
194 139
194 58
194 3
153 134
153 89
153 178
153 131
153 197
153 24
153 95
153 199
153 162
153 82
153 73
153 86
153 159
153 170
153 51
153 186
153 69
153 40
153 35
153 28
153 123
153 60
153 32
153 96
153 33
153 117
153 125
153 37
153 126
153 47
153 23
153 48
153 87
153 190
153 172
153 98
153 83
153 167
153 11
153 110
153 26
153 61
153 8
153 38
153 25
153 99
153 118
153 30
153 44
153 7
153 90
153 53
153 49
153 80
153 10
153 166
153 3
153 124
107 134
107 178
107 131
107 187
107 68
107 171
107 72
107 16
107 82
107 73
107 198
107 170
107 101
107 130
107 69
107 103
107 85
107 192
107 149
107 40
107 63
107 135
107 35
107 60
107 32
107 33
107 117
107 45
107 125
107 136
107 43
107 17
107 126
107 191
107 50
107 36
107 158
107 47
107 189
107 190
107 46
107 172
107 98
107 84
107 113
107 181
107 15
107 99
107 118
107 30
107 7
107 90
107 80
107 166
107 3
134 89
134 93
134 131
134 187
134 72
134 95
134 77
134 16
134 0
134 86
134 159
134 198
134 170
134 101
134 130
134 85
134 192
134 108
134 63
134 1
134 28
134 123
134 96
134 33
134 117
134 136
134 43
134 120
134 55
134 50
134 36
134 158
134 46
134 172
134 98
134 115
134 11
134 26
134 61
134 169
134 25
134 7
134 80
134 166
134 139
89 93
89 178
89 19
89 131
89 24
89 68
89 171
89 72
89 95
89 199
89 77
89 16
89 82
89 0
89 73
89 159
89 198
89 51
89 186
89 130
89 103
89 85
89 192
89 108
89 63
89 1
89 135
89 123
89 32
89 33
89 45
89 55
89 50
89 36
89 196
89 23
89 29
89 83
89 26
89 61
89 8
89 84
89 169
89 38
89 181
89 25
89 99
89 118
89 30
89 154
89 7
89 90
89 80
89 58
89 124
93 19
93 197
93 187
93 68
93 171
93 16
93 162
93 82
93 0
93 159
93 198
93 170
93 119
93 51
93 101
93 130
93 69
93 103
93 85
93 192
93 149
93 1
93 35
93 28
93 123
93 32
93 96
93 33
93 45
93 17
93 37
93 55
93 191
93 50
93 36
93 196
93 48
93 155
93 190
93 98
93 167
93 11
93 26
93 61
93 38
93 181
93 99
93 30
93 185
93 166
93 58
93 124
178 19
178 131
178 197
178 68
178 171
178 72
178 95
178 82
178 73
178 198
178 170
178 51
178 101
178 186
178 193
178 85
178 149
178 108
178 40
178 63
178 1
178 135
178 28
178 123
178 32
178 96
178 33
178 45
178 125
178 136
178 17
178 120
178 20
178 55
178 126
178 191
178 50
178 158
178 196
178 155
178 87
178 190
178 46
178 172
178 83
178 110
178 26
178 8
178 84
178 15
178 25
178 44
178 154
178 7
178 90
178 53
178 49
178 10
178 166
178 58
178 124
19 131
19 197
19 187
19 68
19 171
19 77
19 162
19 0
19 73
19 198
19 51
19 101
19 130
19 69
19 85
19 108
19 28
19 123
19 60
19 96
19 33
19 125
19 136
19 120
19 37
19 55
19 126
19 158
19 196
19 47
19 189
19 23
19 190
19 98
19 29
19 167
19 11
19 8
19 84
19 113
19 38
19 181
19 15
19 99
19 44
19 154
19 90
19 185
19 49
19 10
19 166
19 3
19 124
131 197
131 187
131 68
131 77
131 16
131 162
131 0
131 86
131 198
131 51
131 130
131 69
131 85
131 149
131 108
131 40
131 35
131 123
131 60
131 96
131 33
131 125
131 136
131 37
131 126
131 50
131 36
131 189
131 23
131 87
131 190
131 46
131 29
131 115
131 11
131 26
131 8
131 113
131 169
131 38
131 181
131 15
131 25
131 99
131 30
131 7
131 53
131 49
131 80
131 10
131 166
131 3
131 124
197 24
197 68
197 77
197 16
197 162
197 82
197 0
197 73
197 86
197 159
197 170
197 119
197 51
197 101
197 186
197 130
197 69
197 103
197 192
197 108
197 40
197 35
197 60
197 32
197 96
197 117
197 45
197 125
197 136
197 43
197 120
197 37
197 55
197 126
197 36
197 158
197 196
197 47
197 87
197 172
197 98
197 29
197 167
197 110
197 26
197 113
197 169
197 181
197 25
197 30
197 44
197 90
197 185
197 80
197 139
197 58
197 3
187 24
187 171
187 72
187 199
187 77
187 16
187 82
187 0
187 73
187 86
187 159
187 198
187 119
187 101
187 130
187 69
187 103
187 85
187 108
187 40
187 35
187 123
187 32
187 33
187 136
187 17
187 55
187 126
187 50
187 158
187 189
187 48
187 155
187 87
187 46
187 98
187 29
187 83
187 167
187 115
187 110
187 26
187 113
187 38
187 181
187 25
187 99
187 118
187 30
187 44
187 49
24 171
24 95
24 199
24 16
24 82
24 0
24 86
24 170
24 101
24 69
24 85
24 40
24 1
24 28
24 123
24 60
24 96
24 125
24 136
24 43
24 17
24 37
24 55
24 50
24 158
24 47
24 189
24 190
24 46
24 98
24 29
24 83
24 167
24 115
24 26
24 113
24 169
24 181
24 15
24 118
24 30
24 90
24 185
24 80
24 10
24 166
24 58
24 124
68 171
68 95
68 199
68 82
68 0
68 86
68 119
68 101
68 130
68 193
68 103
68 192
68 40
68 135
68 35
68 60
68 32
68 125
68 17
68 120
68 20
68 37
68 55
68 126
68 36
68 23
68 48
68 155
68 87
68 46
68 98
68 29
68 83
68 26
68 61
68 8
68 169
68 15
68 99
68 118
68 80
68 166
68 3
68 124
171 95
171 16
171 0
171 86
171 198
171 51
171 130
171 103
171 192
171 108
171 40
171 63
171 1
171 28
171 123
171 32
171 120
171 37
171 55
171 36
171 158
171 196
171 47
171 189
171 23
171 48
171 155
171 190
171 83
171 115
171 11
171 26
171 113
171 15
171 25
171 99
171 44
171 154
171 7
171 90
171 185
171 166
171 139
171 124
72 199
72 77
72 0
72 159
72 119
72 130
72 193
72 108
72 40
72 63
72 1
72 28
72 123
72 32
72 33
72 117
72 45
72 125
72 43
72 17
72 120
72 20
72 191
72 36
72 47
72 189
72 23
72 190
72 172
72 29
72 83
72 11
72 26
72 61
72 8
72 169
72 38
72 25
72 118
72 30
72 44
72 185
72 49
72 139
72 3
72 124
95 199
95 77
95 159
95 198
95 170
95 130
95 69
95 193
95 85
95 192
95 35
95 123
95 60
95 96
95 33
95 117
95 17
95 37
95 126
95 191
95 196
95 47
95 23
95 48
95 155
95 87
95 190
95 172
95 98
95 29
95 11
95 110
95 26
95 61
95 8
95 38
95 154
95 7
95 90
95 49
95 80
95 10
95 166
95 139
95 58
199 16
199 162
199 82
199 159
199 186
199 193
199 103
199 192
199 149
199 40
199 63
199 135
199 32
199 45
199 125
199 17
199 120
199 37
199 55
199 126
199 191
199 50
199 158
199 189
199 48
199 155
199 46
199 172
199 29
199 83
199 110
199 61
199 38
199 181
199 44
199 154
199 90
199 185
199 53
199 49
199 80
199 166
199 3
199 124
77 162
77 82
77 0
77 73
77 159
77 170
77 119
77 193
77 192
77 40
77 1
77 135
77 35
77 28
77 123
77 33
77 45
77 125
77 17
77 120
77 37
77 126
77 191
77 50
77 196
77 47
77 189
77 23
77 155
77 190
77 46
77 172
77 98
77 29
77 83
77 115
77 11
77 26
77 8
77 84
77 113
77 169
77 15
77 25
77 118
77 30
77 7
77 185
77 53
77 49
77 80
77 10
77 139
16 162
16 82
16 0
16 73
16 86
16 159
16 198
16 101
16 186
16 130
16 69
16 192
16 63
16 1
16 35
16 123
16 60
16 32
16 96
16 20
16 50
16 158
16 196
16 47
16 189
16 48
16 172
16 83
16 167
16 115
16 61
16 113
16 169
16 38
16 25
16 118
16 30
16 44
16 90
16 185
16 53
16 10
16 166
16 58
16 3
16 124
162 0
162 73
162 170
162 101
162 186
162 69
162 192
162 63
162 135
162 35
162 28
162 123
162 32
162 45
162 125
162 136
162 20
162 37
162 55
162 126
162 191
162 196
162 48
162 155
162 190
162 46
162 172
162 167
162 11
162 110
162 61
162 84
162 169
162 181
162 15
162 118
162 154
162 7
162 185
162 53
162 49
162 10
82 86
82 51
82 101
82 186
82 69
82 193
82 103
82 85
82 192
82 149
82 108
82 28
82 60
82 32
82 33
82 45
82 125
82 136
82 17
82 20
82 37
82 36
82 196
82 47
82 23
82 87
82 46
82 98
82 83
82 167
82 115
82 110
82 61
82 8
82 84
82 169
82 38
82 15
82 30
82 154
82 185
82 53
82 49
82 80
82 10
82 166
82 139
82 58
82 124
0 73
0 198
0 170
0 51
0 101
0 186
0 130
0 69
0 193
0 103
0 192
0 135
0 123
0 60
0 96
0 117
0 136
0 55
0 196
0 47
0 155
0 87
0 190
0 46
0 83
0 167
0 61
0 8
0 84
0 169
0 181
0 118
0 49
0 10
0 58
0 124
73 86
73 159
73 170
73 119
73 186
73 149
73 108
73 1
73 35
73 33
73 117
73 45
73 125
73 136
73 17
73 120
73 20
73 37
73 191
73 36
73 158
73 196
73 47
73 189
73 46
73 98
73 29
73 83
73 167
73 11
73 110
73 169
73 38
73 181
73 15
73 44
73 154
73 7
73 90
73 80
73 10
73 166
73 58
86 170
86 51
86 186
86 130
86 69
86 193
86 103
86 85
86 149
86 40
86 1
86 135
86 96
86 33
86 117
86 136
86 20
86 37
86 55
86 50
86 155
86 87
86 190
86 46
86 83
86 115
86 11
86 110
86 26
86 84
86 169
86 38
86 181
86 25
86 118
86 30
86 44
86 7
86 58
159 198
159 186
159 69
159 103
159 192
159 149
159 40
159 1
159 135
159 35
159 123
159 32
159 96
159 117
159 45
159 17
159 120
159 20
159 55
159 50
159 158
159 189
159 46
159 172
159 29
159 83
159 110
159 26
159 61
159 169
159 15
159 25
159 7
159 53
159 58
159 3
159 124
198 170
198 51
198 101
198 130
198 103
198 192
198 149
198 63
198 1
198 135
198 35
198 60
198 32
198 96
198 45
198 125
198 136
198 120
198 37
198 191
198 158
198 196
198 48
198 155
198 87
198 190
198 98
198 29
198 61
198 8
198 84
198 113
198 169
198 38
198 181
198 25
198 44
198 154
198 90
198 49
198 166
198 58
198 3
170 119
170 51
170 103
170 85
170 192
170 40
170 63
170 1
170 135
170 60
170 96
170 117
170 45
170 136
170 17
170 55
170 191
170 50
170 36
170 158
170 196
170 155
170 46
170 172
170 98
170 83
170 167
170 115
170 11
170 26
170 38
170 181
170 15
170 99
170 118
170 44
170 185
170 80
170 139
170 58
170 3
170 124
119 101
119 130
119 85
119 149
119 40
119 63
119 135
119 35
119 28
119 123
119 60
119 117
119 125
119 136
119 17
119 20
119 126
119 47
119 23
119 48
119 155
119 87
119 46
119 29
119 83
119 11
119 61
119 8
119 84
119 113
119 38
119 181
119 99
119 44
119 154
119 7
119 90
119 185
119 53
119 49
119 10
119 58
119 124
51 101
51 186
51 130
51 69
51 149
51 108
51 1
51 35
51 123
51 120
51 50
51 158
51 47
51 189
51 23
51 48
51 87
51 46
51 172
51 29
51 115
51 11
51 110
51 61
51 38
51 15
51 118
51 30
51 7
51 49
51 10
51 139
51 3
101 130
101 69
101 108
101 40
101 63
101 135
101 28
101 60
101 32
101 33
101 117
101 125
101 136
101 120
101 20
101 55
101 191
101 50
101 36
101 158
101 189
101 23
101 48
101 172
101 115
101 11
101 110
101 8
101 84
101 113
101 38
101 15
101 25
101 99
101 44
101 154
101 7
101 185
101 53
101 49
101 80
101 10
101 166
101 58
186 130
186 193
186 108
186 63
186 1
186 135
186 35
186 28
186 123
186 32
186 45
186 136
186 43
186 20
186 55
186 191
186 36
186 158
186 196
186 23
186 48
186 155
186 46
186 167
186 26
186 84
186 113
186 169
186 38
186 15
186 25
186 99
186 30
186 7
186 80
186 10
186 139
186 58
130 103
130 135
130 28
130 123
130 60
130 96
130 45
130 120
130 20
130 191
130 36
130 158
130 47
130 189
130 48
130 155
130 46
130 98
130 167
130 115
130 26
130 61
130 84
130 113
130 38
130 44
130 154
130 7
130 185
130 166
130 139
130 58
130 124
69 193
69 103
69 85
69 192
69 135
69 123
69 96
69 45
69 125
69 136
69 43
69 120
69 20
69 55
69 126
69 196
69 47
69 189
69 23
69 155
69 87
69 190
69 46
69 172
69 98
69 29
69 83
69 167
69 115
69 11
69 26
69 61
69 8
69 113
69 25
69 7
69 90
69 49
69 80
69 139
69 3
193 103
193 85
193 192
193 108
193 40
193 63
193 1
193 123
193 96
193 33
193 45
193 125
193 17
193 20
193 37
193 126
193 191
193 36
193 158
193 87
193 172
193 98
193 29
193 115
193 11
193 110
193 26
193 8
193 84
193 169
193 118
193 44
193 154
193 7
193 185
193 53
193 49
193 10
193 166
193 58
193 3
103 85
103 192
103 108
103 40
103 63
103 135
103 35
103 123
103 32
103 117
103 45
103 125
103 136
103 43
103 120
103 20
103 191
103 50
103 158
103 196
103 155
103 87
103 98
103 167
103 115
103 11
103 84
103 113
103 169
103 181
103 15
103 118
103 44
103 154
103 7
103 90
103 49
103 80
103 166
103 58
103 124
85 149
85 108
85 40
85 63
85 1
85 135
85 35
85 28
85 32
85 33
85 136
85 17
85 120
85 20
85 37
85 36
85 158
85 196
85 47
85 155
85 190
85 172
85 110
85 26
85 61
85 169
85 38
85 181
85 15
85 99
85 30
85 44
85 53
85 80
85 139
192 108
192 40
192 35
192 60
192 96
192 45
192 136
192 43
192 120
192 126
192 191
192 50
192 36
192 47
192 23
192 48
192 155
192 172
192 98
192 29
192 115
192 26
192 61
192 113
192 38
192 15
192 25
192 99
192 118
192 154
192 90
192 185
192 53
192 49
192 166
192 139
192 58
192 3
192 124
149 63
149 1
149 135
149 28
149 60
149 32
149 45
149 136
149 120
149 20
149 55
149 36
149 47
149 189
149 23
149 155
149 46
149 29
149 115
149 11
149 110
149 61
149 8
149 84
149 25
149 118
149 44
149 7
149 185
149 49
149 166
149 58
149 3
108 135
108 35
108 123
108 60
108 117
108 45
108 125
108 120
108 20
108 37
108 47
108 48
108 155
108 87
108 190
108 46
108 29
108 83
108 115
108 84
108 113
108 38
108 181
108 25
108 99
108 118
108 44
108 154
108 49
108 166
108 3
40 60
40 32
40 96
40 117
40 43
40 20
40 126
40 191
40 50
40 47
40 190
40 46
40 172
40 167
40 115
40 26
40 61
40 8
40 113
40 25
40 99
40 118
40 30
40 90
40 185
40 80
40 10
40 166
40 58
40 124
63 28
63 60
63 96
63 33
63 125
63 136
63 43
63 17
63 37
63 191
63 50
63 158
63 48
63 155
63 87
63 172
63 98
63 115
63 110
63 26
63 8
63 113
63 154
63 185
63 53
63 166
63 139
63 58
63 3
63 124
1 135
1 35
1 32
1 33
1 136
1 43
1 17
1 20
1 126
1 50
1 158
1 47
1 190
1 46
1 172
1 98
1 83
1 115
1 11
1 61
1 84
1 169
1 181
1 15
1 99
1 118
1 30
1 44
1 154
1 53
1 49
1 166
1 139
1 58
1 124
135 123
135 60
135 32
135 96
135 125
135 43
135 120
135 20
135 37
135 126
135 191
135 50
135 158
135 23
135 48
135 155
135 87
135 190
135 46
135 172
135 98
135 29
135 83
135 115
135 11
135 110
135 84
135 113
135 38
135 15
135 99
135 30
135 7
135 90
135 53
135 49
135 80
135 166
135 139
135 3
135 124
35 28
35 32
35 33
35 117
35 125
35 17
35 37
35 55
35 126
35 191
35 50
35 158
35 196
35 47
35 189
35 172
35 110
35 61
35 84
35 181
35 99
35 118
35 44
35 154
35 7
35 53
35 166
35 3
35 124
28 123
28 60
28 32
28 117
28 45
28 125
28 120
28 37
28 126
28 36
28 196
28 47
28 189
28 23
28 190
28 29
28 167
28 115
28 11
28 110
28 61
28 8
28 38
28 181
28 15
28 25
28 118
28 30
28 154
28 90
28 185
28 53
28 10
28 139
28 124
123 60
123 117
123 43
123 20
123 55
123 191
123 50
123 196
123 189
123 23
123 87
123 190
123 46
123 172
123 98
123 167
123 115
123 61
123 8
123 15
123 25
123 30
123 44
123 49
123 166
60 32
60 45
60 120
60 20
60 191
60 50
60 158
60 196
60 48
60 155
60 190
60 46
60 167
60 115
60 110
60 26
60 61
60 8
60 169
60 25
60 154
60 7
60 90
60 53
60 139
60 58
60 124
32 33
32 45
32 136
32 20
32 126
32 36
32 158
32 196
32 47
32 155
32 190
32 46
32 98
32 29
32 83
32 8
32 84
32 169
32 38
32 15
32 99
32 118
32 154
32 90
32 3
96 33
96 117
96 125
96 136
96 17
96 20
96 55
96 126
96 50
96 36
96 23
96 155
96 190
96 46
96 167
96 110
96 26
96 61
96 15
96 99
96 118
96 30
96 7
96 90
96 185
96 166
96 58
96 3
96 124
33 45
33 125
33 136
33 43
33 20
33 37
33 55
33 36
33 196
33 189
33 98
33 29
33 83
33 115
33 11
33 26
33 8
33 84
33 113
33 181
33 25
33 118
33 30
33 154
33 90
33 10
33 166
33 58
33 3
117 136
117 120
117 37
117 36
117 196
117 47
117 23
117 48
117 155
117 87
117 190
117 46
117 172
117 29
117 83
117 167
117 115
117 11
117 110
117 26
117 169
117 38
117 181
117 154
117 7
117 53
117 139
117 58
117 3
45 136
45 43
45 17
45 126
45 191
45 50
45 158
45 48
45 155
45 190
45 46
45 29
45 167
45 61
45 84
45 113
45 38
45 15
45 25
45 154
45 7
45 185
45 53
45 49
45 139
45 58
45 124
125 43
125 17
125 37
125 50
125 189
125 48
125 190
125 98
125 29
125 83
125 167
125 110
125 8
125 84
125 169
125 38
125 181
125 15
125 25
125 99
125 118
125 44
125 154
125 7
125 185
125 58
125 3
125 124
136 17
136 20
136 55
136 50
136 158
136 47
136 23
136 190
136 46
136 172
136 98
136 83
136 167
136 26
136 169
136 15
136 7
136 53
136 49
43 37
43 55
43 126
43 50
43 36
43 158
43 47
43 189
43 190
43 46
43 98
43 29
43 167
43 115
43 11
43 110
43 61
43 8
43 84
43 38
43 25
43 99
43 30
43 44
43 154
43 185
43 49
43 80
17 120
17 55
17 126
17 191
17 158
17 196
17 155
17 87
17 190
17 29
17 83
17 115
17 11
17 110
17 26
17 113
17 169
17 181
17 15
17 25
17 99
17 7
17 90
17 185
17 53
17 49
17 10
17 166
17 139
17 58
17 3
17 124
120 20
120 37
120 50
120 36
120 196
120 23
120 48
120 155
120 190
120 46
120 172
120 29
120 167
120 115
120 11
120 110
120 26
120 61
120 8
120 84
120 169
120 38
120 181
120 99
120 118
120 90
120 185
120 53
120 10
120 139
120 3
120 124
20 37
20 36
20 196
20 47
20 23
20 46
20 83
20 167
20 115
20 8
20 113
20 15
20 99
20 118
20 44
20 154
20 90
20 53
20 80
20 166
20 139
20 124
37 191
37 36
37 47
37 87
37 98
37 29
37 83
37 167
37 115
37 11
37 61
37 169
37 15
37 99
37 30
37 44
37 154
37 90
37 49
37 80
37 10
37 124
55 36
55 48
55 87
55 167
55 115
55 11
55 110
55 26
55 61
55 8
55 15
55 25
55 118
55 30
55 154
55 53
55 166
55 58
55 3
55 124
126 191
126 50
126 47
126 189
126 23
126 87
126 46
126 172
126 83
126 167
126 115
126 11
126 26
126 61
126 169
126 38
126 15
126 25
126 90
126 185
126 80
126 10
126 139
126 3
126 124
191 50
191 36
191 196
191 189
191 190
191 98
191 83
191 11
191 61
191 113
191 169
191 15
191 99
191 30
191 44
191 154
191 90
191 185
191 53
191 49
191 80
191 58
191 124
50 36
50 158
50 47
50 23
50 46
50 83
50 167
50 115
50 11
50 8
50 113
50 169
50 38
50 181
50 15
50 44
50 7
50 90
50 53
50 49
50 10
50 166
50 139
36 47
36 48
36 46
36 29
36 167
36 11
36 110
36 61
36 113
36 38
36 181
36 15
36 25
36 118
36 80
36 139
36 58
158 47
158 87
158 29
158 110
158 84
158 38
158 181
158 25
158 53
158 80
196 47
196 48
196 87
196 190
196 46
196 29
196 83
196 167
196 115
196 169
196 38
196 15
196 118
196 44
196 90
196 185
196 49
196 80
196 166
196 3
196 124
47 23
47 48
47 155
47 87
47 190
47 172
47 29
47 115
47 11
47 110
47 26
47 61
47 8
47 113
47 38
47 99
47 30
47 44
47 154
47 7
47 10
47 58
47 124
189 48
189 155
189 46
189 172
189 98
189 167
189 115
189 11
189 110
189 26
189 84
189 169
189 38
189 181
189 25
189 99
189 118
189 154
189 49
189 139
189 58
23 87
23 46
23 29
23 11
23 84
23 113
23 169
23 181
23 99
23 30
23 44
23 154
23 90
23 53
23 3
48 155
48 190
48 29
48 83
48 115
48 11
48 61
48 8
48 84
48 38
48 15
48 30
48 44
48 154
48 185
48 53
48 49
48 10
48 166
48 3
155 87
155 46
155 29
155 83
155 167
155 84
155 113
155 169
155 38
155 15
155 25
155 99
155 118
155 44
155 154
155 7
155 90
155 166
155 139
155 3
87 190
87 172
87 83
87 167
87 115
87 110
87 61
87 169
87 15
87 30
87 154
87 7
87 90
87 10
87 166
87 139
87 58
87 3
190 172
190 98
190 29
190 167
190 115
190 11
190 8
190 113
190 38
190 181
190 15
190 25
190 99
190 44
190 154
190 7
190 185
190 3
46 172
46 98
46 83
46 115
46 11
46 26
46 61
46 169
46 15
46 99
46 118
46 154
46 185
46 53
46 80
46 10
46 139
46 58
46 3
172 98
172 83
172 167
172 115
172 84
172 15
172 118
172 154
172 7
172 90
172 53
172 80
172 166
172 139
172 3
98 29
98 83
98 167
98 11
98 113
98 169
98 118
98 30
98 7
98 90
98 53
98 49
98 80
98 139
98 3
29 115
29 11
29 110
29 26
29 8
29 169
29 15
29 44
29 7
29 90
29 53
29 80
29 166
29 3
29 124
83 167
83 115
83 26
83 15
83 25
83 99
83 118
83 30
83 44
83 154
83 7
83 90
83 185
83 10
83 3
83 124
167 11
167 26
167 61
167 113
167 181
167 15
167 25
167 118
167 30
167 44
167 154
167 80
167 10
167 58
167 3
167 124
115 11
115 113
115 38
115 181
115 25
115 99
115 118
115 30
115 7
115 185
115 53
115 49
115 139
115 58
11 110
11 26
11 8
11 38
11 181
11 118
11 30
11 49
11 80
11 3
110 8
110 113
110 38
110 15
110 25
110 99
110 118
110 30
110 44
110 7
110 90
110 185
110 49
110 80
110 166
110 139
110 58
26 8
26 38
26 15
26 25
26 118
26 185
26 53
26 49
26 10
61 84
61 181
61 15
61 25
61 99
61 30
61 90
61 49
61 166
61 139
61 124
8 113
8 38
8 25
8 99
8 30
8 44
8 53
8 58
8 3
84 38
84 25
84 99
84 118
84 30
84 154
84 90
84 185
84 49
84 166
84 139
84 58
84 124
113 169
113 181
113 15
113 99
113 30
113 154
113 53
113 49
113 80
113 10
113 139
113 3
169 38
169 181
169 15
169 25
169 99
169 118
169 30
169 53
169 80
169 10
169 166
169 58
169 3
38 15
38 30
38 185
38 80
38 10
38 139
181 25
181 118
181 30
181 44
181 7
181 90
181 185
181 53
181 80
181 166
181 139
181 58
181 3
15 25
15 99
15 30
15 154
15 7
15 90
15 185
15 53
15 80
15 10
15 139
25 44
25 154
25 90
25 185
25 53
25 80
25 166
25 139
25 3
99 118
99 30
99 44
99 7
99 90
99 185
99 80
99 139
99 58
118 44
118 154
118 7
118 90
118 49
118 10
118 166
118 139
118 124
30 44
30 154
30 90
30 185
30 53
30 49
30 80
30 166
30 139
44 53
44 49
154 7
154 90
154 185
154 53
154 49
154 80
154 166
7 90
7 185
7 53
7 49
7 80
7 139
7 3
90 185
90 80
90 58
185 49
185 80
185 10
185 3
185 124
53 49
53 80
53 10
53 58
49 10
49 139
49 3
80 10
80 139
80 58
80 124
10 124
166 3
166 124
139 58
139 3
139 124
58 124
