-1 -5
-1 -9
-5 -1
-5 -9
-9 -1
-9 -5
-13 -17
-13 -21
-17 -13
-17 -21
-21 -13
-21 -17
-25 -29
-25 -33
-29 -25
-29 -33
-33 -25
-33 -29
-37 -41
-37 -45
-41 -37
-41 -45
-45 -37
-45 -41
-2 -6
-2 -10
-6 -2
-6 -10
-10 -2
-10 -6
-14 -18
-14 -22
-18 -14
-18 -22
-22 -14
-22 -18
-26 -30
-26 -34
-30 -26
-30 -34
-34 -26
-34 -30
-38 -42
-38 -46
-42 -38
-42 -46
-46 -38
-46 -42
-3 -7
-3 -11
-7 -3
-7 -11
-11 -3
-11 -7
-15 -19
-15 -23
-19 -15
-19 -23
-23 -15
-23 -19
-27 -31
-27 -35
-31 -27
-31 -35
-35 -27
-35 -31
-39 -43
-39 -47
-43 -39
-43 -47
-47 -39
-47 -43
-4 -8
-4 -12
-8 -4
-8 -12
-12 -4
-12 -8
-16 -20
-16 -24
-20 -16
-20 -24
-24 -16
-24 -20
-28 -32
-28 -36
-32 -28
-32 -36
-36 -28
-36 -32
-40 -44
-40 -48
-44 -40
-44 -48
-48 -40
-48 -44
-49 -13 2
-49 -17 6
-49 -21 10
-52 -25 2
-52 -29 6
-52 -33 10
-55 -37 2
-55 -41 6
-55 -45 10
-58 -1 14
-58 -5 18
-58 -9 22
-61 -25 14
-61 -29 18
-61 -33 22
-64 -37 14
-64 -41 18
-64 -45 22
-67 -1 26
-67 -5 30
-67 -9 34
-70 -13 26
-70 -17 30
-70 -21 34
-73 -37 26
-73 -41 30
-73 -45 34
-76 -1 38
-76 -5 42
-76 -9 46
-79 -13 38
-79 -17 42
-79 -21 46
-82 -25 38
-82 -29 42
-82 -33 46
-1 49 52 55 2
-5 49 52 55 6
-9 49 52 55 10
-13 58 61 64 14
-17 58 61 64 18
-21 58 61 64 22
-25 67 70 73 26
-29 67 70 73 30
-33 67 70 73 34
-37 76 79 82 38
-41 76 79 82 42
-45 76 79 82 46
-49 -58
-49 -52
-49 -61
-49 -67
-49 -58
-49 -55
-49 -64
-49 -76
-52 -67
-52 -49
-52 -70
-52 -58
-52 -67
-52 -55
-52 -73
-52 -76
-55 -76
-55 -49
-55 -79
-55 -58
-55 -76
-55 -52
-55 -82
-55 -67
-58 -49
-58 -61
-58 -52
-58 -70
-58 -49
-58 -64
-58 -55
-58 -79
-61 -70
-61 -58
-61 -67
-61 -49
-61 -70
-61 -64
-61 -73
-61 -79
-64 -79
-64 -58
-64 -76
-64 -49
-64 -79
-64 -61
-64 -82
-64 -70
-67 -52
-67 -70
-67 -49
-67 -61
-67 -52
-67 -73
-67 -55
-67 -82
-70 -61
-70 -67
-70 -58
-70 -52
-70 -61
-70 -73
-70 -64
-70 -82
-73 -82
-73 -67
-73 -76
-73 -52
-73 -82
-73 -70
-73 -79
-73 -61
-76 -55
-76 -79
-76 -49
-76 -64
-76 -55
-76 -82
-76 -52
-76 -73
-79 -64
-79 -76
-79 -58
-79 -55
-79 -64
-79 -82
-79 -61
-79 -73
-82 -73
-82 -76
-82 -67
-82 -55
-82 -73
-82 -79
-82 -70
-82 -64
-50 -14 3
-50 -18 7
-50 -22 11
-53 -26 3
-53 -30 7
-53 -34 11
-56 -38 3
-56 -42 7
-56 -46 11
-59 -2 15
-59 -6 19
-59 -10 23
-62 -26 15
-62 -30 19
-62 -34 23
-65 -38 15
-65 -42 19
-65 -46 23
-68 -2 27
-68 -6 31
-68 -10 35
-71 -14 27
-71 -18 31
-71 -22 35
-74 -38 27
-74 -42 31
-74 -46 35
-77 -2 39
-77 -6 43
-77 -10 47
-80 -14 39
-80 -18 43
-80 -22 47
-83 -26 39
-83 -30 43
-83 -34 47
-2 50 53 56 3
-6 50 53 56 7
-10 50 53 56 11
-14 59 62 65 15
-18 59 62 65 19
-22 59 62 65 23
-26 68 71 74 27
-30 68 71 74 31
-34 68 71 74 35
-38 77 80 83 39
-42 77 80 83 43
-46 77 80 83 47
-50 -59
-50 -53
-50 -62
-50 -68
-50 -59
-50 -56
-50 -65
-50 -77
-53 -68
-53 -50
-53 -71
-53 -59
-53 -68
-53 -56
-53 -74
-53 -77
-56 -77
-56 -50
-56 -80
-56 -59
-56 -77
-56 -53
-56 -83
-56 -68
-59 -50
-59 -62
-59 -53
-59 -71
-59 -50
-59 -65
-59 -56
-59 -80
-62 -71
-62 -59
-62 -68
-62 -50
-62 -71
-62 -65
-62 -74
-62 -80
-65 -80
-65 -59
-65 -77
-65 -50
-65 -80
-65 -62
-65 -83
-65 -71
-68 -53
-68 -71
-68 -50
-68 -62
-68 -53
-68 -74
-68 -56
-68 -83
-71 -62
-71 -68
-71 -59
-71 -53
-71 -62
-71 -74
-71 -65
-71 -83
-74 -83
-74 -68
-74 -77
-74 -53
-74 -83
-74 -71
-74 -80
-74 -62
-77 -56
-77 -80
-77 -50
-77 -65
-77 -56
-77 -83
-77 -53
-77 -74
-80 -65
-80 -77
-80 -59
-80 -56
-80 -65
-80 -83
-80 -62
-80 -74
-83 -74
-83 -77
-83 -68
-83 -56
-83 -74
-83 -80
-83 -71
-83 -65
-51 -15 4
-51 -19 8
-51 -23 12
-54 -27 4
-54 -31 8
-54 -35 12
-57 -39 4
-57 -43 8
-57 -47 12
-60 -3 16
-60 -7 20
-60 -11 24
-63 -27 16
-63 -31 20
-63 -35 24
-66 -39 16
-66 -43 20
-66 -47 24
-69 -3 28
-69 -7 32
-69 -11 36
-72 -15 28
-72 -19 32
-72 -23 36
-75 -39 28
-75 -43 32
-75 -47 36
-78 -3 40
-78 -7 44
-78 -11 48
-81 -15 40
-81 -19 44
-81 -23 48
-84 -27 40
-84 -31 44
-84 -35 48
-3 51 54 57 4
-7 51 54 57 8
-11 51 54 57 12
-15 60 63 66 16
-19 60 63 66 20
-23 60 63 66 24
-27 69 72 75 28
-31 69 72 75 32
-35 69 72 75 36
-39 78 81 84 40
-43 78 81 84 44
-47 78 81 84 48
-51 -60
-51 -54
-51 -63
-51 -69
-51 -60
-51 -57
-51 -66
-51 -78
-54 -69
-54 -51
-54 -72
-54 -60
-54 -69
-54 -57
-54 -75
-54 -78
-57 -78
-57 -51
-57 -81
-57 -60
-57 -78
-57 -54
-57 -84
-57 -69
-60 -51
-60 -63
-60 -54
-60 -72
-60 -51
-60 -66
-60 -57
-60 -81
-63 -72
-63 -60
-63 -69
-63 -51
-63 -72
-63 -66
-63 -75
-63 -81
-66 -81
-66 -60
-66 -78
-66 -51
-66 -81
-66 -63
-66 -84
-66 -72
-69 -54
-69 -72
-69 -51
-69 -63
-69 -54
-69 -75
-69 -57
-69 -84
-72 -63
-72 -69
-72 -60
-72 -54
-72 -63
-72 -75
-72 -66
-72 -84
-75 -84
-75 -69
-75 -78
-75 -54
-75 -84
-75 -72
-75 -81
-75 -63
-78 -57
-78 -81
-78 -51
-78 -66
-78 -57
-78 -84
-78 -54
-78 -75
-81 -66
-81 -78
-81 -60
-81 -57
-81 -66
-81 -84
-81 -63
-81 -75
-84 -75
-84 -78
-84 -69
-84 -57
-84 -75
-84 -81
-84 -72
-84 -66
1
13
29
45
8
24
28
0